1.0 9.4676595e-01 4.8650950e-03
2.0 9.4104020e-01 4.8503613e-03
3.0 9.4302935e-01 4.8554849e-03
4.0 9.4455678e-01 4.8594156e-03
5.0 9.4971849e-01 4.8726751e-03
6.0 9.4665386e-01 4.8648069e-03
7.0 9.4405926e-01 4.8581356e-03
8.0 9.4131518e-01 4.8510700e-03
9.0 9.3692495e-01 4.8397442e-03
10.0 9.2428275e-01 4.8069813e-03
11.0 9.3005735e-01 4.8219741e-03
12.0 9.3499494e-01 4.8347569e-03
13.0 9.2792460e-01 4.8164422e-03
14.0 9.2670439e-01 4.8132744e-03
15.0 9.2402079e-01 4.8063000e-03
16.0 9.2146175e-01 4.7996400e-03
17.0 9.1191963e-01 4.7747242e-03
18.0 9.1043226e-01 4.7708287e-03
19.0 9.1519343e-01 4.7832872e-03
20.0 9.2954548e-01 4.8206470e-03
21.0 9.3234967e-01 4.8279128e-03
22.0 9.3365578e-01 4.8312933e-03
23.0 9.3170564e-01 4.8262450e-03
24.0 9.2935873e-01 4.8201627e-03
25.0 9.3504600e-01 4.8348888e-03
26.0 9.3695667e-01 4.8398261e-03
27.0 9.3426095e-01 4.8328588e-03
28.0 9.2979285e-01 4.8212884e-03
29.0 9.2976057e-01 4.8212047e-03
30.0 9.2776775e-01 4.8160351e-03
31.0 9.2874539e-01 4.8185719e-03
32.0 9.2849479e-01 4.8179217e-03
33.0 9.3121773e-01 4.8249812e-03
34.0 9.2571304e-01 4.8106991e-03
35.0 9.3217634e-01 4.8274640e-03
36.0 9.4683992e-01 4.8652850e-03
37.0 9.5273893e-01 4.8804173e-03
38.0 9.5363582e-01 4.8827140e-03
39.0 9.5769797e-01 4.8931022e-03
40.0 9.5220335e-01 4.8790454e-03
41.0 9.4406589e-01 4.8581527e-03
42.0 9.4802628e-01 4.8683321e-03
43.0 9.4522842e-01 4.8611429e-03
44.0 9.3864448e-01 4.8441833e-03
45.0 9.3454676e-01 4.8335980e-03
46.0 9.2939718e-01 4.8202624e-03
47.0 9.3094073e-01 4.8242635e-03
48.0 9.3465436e-01 4.8338762e-03
49.0 9.3969152e-01 4.8468844e-03
50.0 9.4442777e-01 4.8590837e-03
51.0 9.4832980e-01 4.8691113e-03
52.0 9.4725808e-01 4.8663592e-03
53.0 9.4415789e-01 4.8583894e-03
54.0 9.3673664e-01 4.8392578e-03
55.0 9.4271035e-01 4.8546636e-03
56.0 9.4197466e-01 4.8527690e-03
57.0 9.4027255e-01 4.8483826e-03
58.0 9.4637469e-01 4.8640896e-03
59.0 9.4200925e-01 4.8528581e-03
60.0 9.4640530e-01 4.8641683e-03
61.0 9.4794563e-01 4.8681250e-03
62.0 9.4261781e-01 4.8544253e-03
63.0 9.4245747e-01 4.8540125e-03
64.0 9.4755798e-01 4.8671295e-03
65.0 9.5149330e-01 4.8772259e-03
66.0 9.5880772e-01 4.8959364e-03
67.0 9.6000714e-01 4.8989977e-03
68.0 9.7615831e-01 4.9400362e-03
69.0 9.7018846e-01 4.9249073e-03
70.0 9.6708249e-01 4.9170176e-03
71.0 9.6585467e-01 4.9138953e-03
72.0 9.5784557e-01 4.8934793e-03
73.0 9.6260007e-01 4.9056092e-03
74.0 9.6635535e-01 4.9151688e-03
75.0 9.6554540e-01 4.9131085e-03
76.0 9.6199203e-01 4.9040597e-03
77.0 9.5378017e-01 4.8830835e-03
78.0 9.4952505e-01 4.8721788e-03
79.0 9.5309670e-01 4.8813336e-03
80.0 9.5182889e-01 4.8780859e-03
81.0 9.4950724e-01 4.8721331e-03
82.0 9.5182211e-01 4.8780686e-03
83.0 9.5737961e-01 4.8922889e-03
84.0 9.5819722e-01 4.8943775e-03
85.0 9.5916306e-01 4.8968436e-03
86.0 9.6552385e-01 4.9130537e-03
87.0 9.6548341e-01 4.9129508e-03
88.0 9.6311641e-01 4.9069247e-03
89.0 9.6566993e-01 4.9134253e-03
90.0 9.6351697e-01 4.9079450e-03
91.0 9.6081803e-01 4.9010663e-03
92.0 9.6657931e-01 4.9157383e-03
93.0 9.6426093e-01 4.9098395e-03
94.0 9.5007760e-01 4.8735962e-03
95.0 9.5175710e-01 4.8779020e-03
96.0 9.4945892e-01 4.8720092e-03
97.0 9.4796137e-01 4.8681654e-03
98.0 9.5013367e-01 4.8737400e-03
99.0 9.4920952e-01 4.8713692e-03
100.0 9.5009618e-01 4.8736439e-03
101.0 9.3986442e-01 4.8473303e-03
102.0 9.3546114e-01 4.8359620e-03
103.0 9.4313086e-01 4.8557463e-03
104.0 9.4320869e-01 4.8559466e-03
105.0 9.3492646e-01 4.8345798e-03
106.0 9.3017389e-01 4.8222762e-03
107.0 9.2597560e-01 4.8113813e-03
108.0 9.2757034e-01 4.8155227e-03
109.0 9.2634669e-01 4.8123453e-03
110.0 9.2390589e-01 4.8060012e-03
111.0 9.2512958e-01 4.8091829e-03
112.0 9.2849420e-01 4.8179202e-03
113.0 9.2810523e-01 4.8169109e-03
114.0 9.2614044e-01 4.8118095e-03
115.0 9.2510700e-01 4.8091242e-03
116.0 9.2772994e-01 4.8159370e-03
117.0 9.2869781e-01 4.8184485e-03
118.0 9.3332852e-01 4.8304465e-03
119.0 9.2821565e-01 4.8171975e-03
120.0 9.2528436e-01 4.8095852e-03
121.0 9.3019821e-01 4.8223392e-03
122.0 9.2685195e-01 4.8136575e-03
123.0 9.3493343e-01 4.8345978e-03
124.0 9.4240604e-01 4.8538800e-03
125.0 9.4970112e-01 4.8726305e-03
126.0 9.4523636e-01 4.8611634e-03
127.0 9.4575898e-01 4.8625071e-03
128.0 9.4323669e-01 4.8560187e-03
129.0 9.4800044e-01 4.8682657e-03
130.0 9.5664357e-01 4.8904079e-03
131.0 9.6055719e-01 4.9004010e-03
132.0 9.5990611e-01 4.8987399e-03
133.0 9.5746378e-01 4.8925039e-03
134.0 9.6022444e-01 4.8995522e-03
135.0 9.5349316e-01 4.8823487e-03
136.0 9.5591452e-01 4.8885441e-03
137.0 9.5087530e-01 4.8756418e-03
138.0 9.5381728e-01 4.8831785e-03
139.0 9.5274819e-01 4.8804411e-03
140.0 9.5044037e-01 4.8745266e-03
141.0 9.4589851e-01 4.8628657e-03
142.0 9.4411148e-01 4.8582700e-03
143.0 9.4712817e-01 4.8660255e-03
144.0 9.5226905e-01 4.8792137e-03
145.0 9.5480009e-01 4.8856937e-03
146.0 9.6117500e-01 4.9019767e-03
147.0 9.7321654e-01 4.9325869e-03
148.0 9.7042231e-01 4.9255008e-03
149.0 9.6839062e-01 4.9203420e-03
150.0 9.6012439e-01 4.8992969e-03
151.0 9.6535772e-01 4.9126310e-03
152.0 9.7103606e-01 4.9270581e-03
153.0 9.6560438e-01 4.9132586e-03
154.0 9.6795714e-01 4.9192407e-03
155.0 9.7292787e-01 4.9318553e-03
156.0 9.7284329e-01 4.9316410e-03
157.0 9.7599587e-01 4.9396252e-03
158.0 9.7544835e-01 4.9382395e-03
159.0 9.6805407e-01 4.9194870e-03
160.0 9.7224520e-01 4.9301248e-03
161.0 9.7773249e-01 4.9440179e-03
162.0 9.8003940e-01 4.9498470e-03
163.0 9.7363266e-01 4.9336413e-03
164.0 9.6867891e-01 4.9210744e-03
165.0 9.6196504e-01 4.9039908e-03
166.0 9.6506167e-01 4.9118777e-03
167.0 9.7062486e-01 4.9260148e-03
168.0 9.7169526e-01 4.9287302e-03
169.0 9.7524068e-01 4.9377138e-03
170.0 9.6953363e-01 4.9232450e-03
171.0 9.6912135e-01 4.9221981e-03
172.0 9.6122150e-01 4.9020952e-03
173.0 9.5670037e-01 4.8905531e-03
174.0 9.6070857e-01 4.9007871e-03
175.0 9.5887866e-01 4.8961175e-03
176.0 9.6434004e-01 4.9100409e-03
177.0 9.6634774e-01 4.9151494e-03
178.0 9.7904472e-01 4.9473345e-03
179.0 9.7800288e-01 4.9447014e-03
180.0 9.6956677e-01 4.9233291e-03
181.0 9.6838315e-01 4.9203231e-03
182.0 9.6261242e-01 4.9056407e-03
183.0 9.6672160e-01 4.9161001e-03
184.0 9.6606344e-01 4.9144263e-03
185.0 9.6435750e-01 4.9100853e-03
186.0 9.6308934e-01 4.9068558e-03
187.0 9.6586638e-01 4.9139251e-03
188.0 9.6278279e-01 4.9060748e-03
189.0 9.6599786e-01 4.9142595e-03
190.0 9.7025269e-01 4.9250703e-03
191.0 9.6748237e-01 4.9180341e-03
192.0 9.6187783e-01 4.9037685e-03
193.0 9.5865455e-01 4.8955453e-03
194.0 9.6176313e-01 4.9034762e-03
195.0 9.6148142e-01 4.9027580e-03
196.0 9.6394935e-01 4.9090461e-03
197.0 9.7188332e-01 4.9292072e-03
198.0 9.7203644e-01 4.9295954e-03
199.0 9.6683002e-01 4.9163758e-03
200.0 9.7109112e-01 4.9271978e-03
201.0 9.7030122e-01 4.9251935e-03
202.0 9.7360206e-01 4.9335638e-03
203.0 9.7774334e-01 4.9440453e-03
204.0 9.7141788e-01 4.9280267e-03
205.0 9.7719879e-01 4.9426683e-03
206.0 9.8034256e-01 4.9506125e-03
207.0 9.7583840e-01 4.9392267e-03
208.0 9.7600886e-01 4.9396581e-03
209.0 9.7589377e-01 4.9393668e-03
210.0 9.7471518e-01 4.9363833e-03
211.0 9.7762966e-01 4.9437579e-03
212.0 9.8355282e-01 4.9587116e-03
213.0 9.8178516e-01 4.9542537e-03
214.0 9.8696794e-01 4.9673130e-03
215.0 9.8991186e-01 4.9747158e-03
216.0 9.8907072e-01 4.9726018e-03
217.0 9.8804832e-01 4.9700310e-03
218.0 9.8035169e-01 4.9506356e-03
219.0 9.7121676e-01 4.9275165e-03
220.0 9.7095701e-01 4.9268576e-03
221.0 9.6555994e-01 4.9131455e-03
222.0 9.6450057e-01 4.9104495e-03
223.0 9.6097648e-01 4.9014704e-03
224.0 9.5141459e-01 4.8770242e-03
225.0 9.5306481e-01 4.8812519e-03
226.0 9.5060157e-01 4.8749400e-03
227.0 9.5087303e-01 4.8756360e-03
228.0 9.4627648e-01 4.8638372e-03
229.0 9.4460647e-01 4.8595434e-03
230.0 9.5252894e-01 4.8798795e-03
231.0 9.5307031e-01 4.8812660e-03
232.0 9.5540667e-01 4.8872453e-03
233.0 9.4874514e-01 4.8701775e-03
234.0 9.6071875e-01 4.9008131e-03
235.0 9.6931267e-01 4.9226839e-03
236.0 9.7508343e-01 4.9373157e-03
237.0 9.7789576e-01 4.9444306e-03
238.0 9.7659980e-01 4.9411532e-03
239.0 9.7737343e-01 4.9431100e-03
240.0 9.8127137e-01 4.9529572e-03
241.0 9.7651540e-01 4.9409397e-03
242.0 9.7291437e-01 4.9318211e-03
243.0 9.6330688e-01 4.9074099e-03
244.0 9.5881841e-01 4.8959637e-03
245.0 9.6653742e-01 4.9156318e-03
246.0 9.6393256e-01 4.9090034e-03
247.0 9.6158912e-01 4.9030326e-03
248.0 9.6246843e-01 4.9052738e-03
249.0 9.5369787e-01 4.8828728e-03
250.0 9.5827967e-01 4.8945880e-03
251.0 9.6397513e-01 4.9091118e-03
252.0 9.6512109e-01 4.9120289e-03
253.0 9.7254937e-01 4.9308959e-03
254.0 9.6468568e-01 4.9109207e-03
255.0 9.7318610e-01 4.9325098e-03
256.0 9.6829189e-01 4.9200912e-03
257.0 9.6093702e-01 4.9013698e-03
258.0 9.5911250e-01 4.8967145e-03
259.0 9.6795819e-01 4.9192433e-03
260.0 9.6681021e-01 4.9163254e-03
261.0 9.6129841e-01 4.9022913e-03
262.0 9.5416126e-01 4.8840589e-03
263.0 9.5324612e-01 4.8817162e-03
264.0 9.4301133e-01 4.8554386e-03
265.0 9.3666000e-01 4.8390599e-03
266.0 9.4501357e-01 4.8605904e-03
267.0 9.5177389e-01 4.8779450e-03
268.0 9.5097285e-01 4.8758919e-03
269.0 9.4840590e-01 4.8693067e-03
270.0 9.4869592e-01 4.8700512e-03
271.0 9.6044445e-01 4.9001134e-03
272.0 9.6178701e-01 4.9035370e-03
273.0 9.6566853e-01 4.9134218e-03
274.0 9.6380677e-01 4.9086831e-03
275.0 9.6336321e-01 4.9075534e-03
276.0 9.6583734e-01 4.9138512e-03
277.0 9.6561542e-01 4.9132867e-03
278.0 9.5532697e-01 4.8870415e-03
279.0 9.6133933e-01 4.9023957e-03
280.0 9.5762758e-01 4.8929224e-03
281.0 9.6769969e-01 4.9185864e-03
282.0 9.7018939e-01 4.9249097e-03
283.0 9.6952065e-01 4.9232120e-03
284.0 9.7068092e-01 4.9261570e-03
285.0 9.6907905e-01 4.9220907e-03
286.0 9.6565392e-01 4.9133846e-03
287.0 9.6575038e-01 4.9136300e-03
288.0 9.6940488e-01 4.9229181e-03
289.0 9.6595570e-01 4.9141523e-03
290.0 9.6212117e-01 4.9043888e-03
291.0 9.5952379e-01 4.8977643e-03
292.0 9.6380608e-01 4.9086813e-03
293.0 9.7024075e-01 4.9250400e-03
294.0 9.7103080e-01 4.9270448e-03
295.0 9.7292219e-01 4.9318409e-03
296.0 9.6845991e-01 4.9205181e-03
297.0 9.7201724e-01 4.9295468e-03
298.0 9.7352951e-01 4.9333800e-03
299.0 9.6879444e-01 4.9213678e-03
300.0 9.5880950e-01 4.8959410e-03
301.0 9.5217048e-01 4.8789612e-03
302.0 9.4851890e-01 4.8695968e-03
303.0 9.5435023e-01 4.8845426e-03
304.0 9.6190173e-01 4.9038295e-03
305.0 9.5895721e-01 4.8963180e-03
306.0 9.5640468e-01 4.8897973e-03
307.0 9.5722698e-01 4.8918989e-03
308.0 9.5688506e-01 4.8910251e-03
309.0 9.6119889e-01 4.9020376e-03
310.0 9.5782755e-01 4.8934333e-03
311.0 9.6220279e-01 4.9045968e-03
312.0 9.6029610e-01 4.8997350e-03
313.0 9.6396492e-01 4.9090858e-03
314.0 9.6183712e-01 4.9036648e-03
315.0 9.5808773e-01 4.8940978e-03
316.0 9.6718961e-01 4.9172900e-03
317.0 9.7167404e-01 4.9286764e-03
318.0 9.6149527e-01 4.9027933e-03
319.0 9.5871361e-01 4.8956961e-03
320.0 9.6416931e-01 4.9096062e-03
321.0 9.5735423e-01 4.8922240e-03
322.0 9.6083908e-01 4.9011200e-03
323.0 9.6355174e-01 4.9080336e-03
324.0 9.5919377e-01 4.8969219e-03
325.0 9.5863726e-01 4.8955012e-03
326.0 9.4769038e-01 4.8674696e-03
327.0 9.5650273e-01 4.8900479e-03
328.0 9.5471513e-01 4.8854763e-03
329.0 9.5836377e-01 4.8948028e-03
330.0 9.6090457e-01 4.9012870e-03
331.0 9.6707690e-01 4.9170034e-03
332.0 9.6398037e-01 4.9091251e-03
333.0 9.6417073e-01 4.9096098e-03
334.0 9.6620684e-01 4.9147911e-03
335.0 9.6988311e-01 4.9241322e-03
336.0 9.7461468e-01 4.9361288e-03
337.0 9.7085235e-01 4.9265920e-03
338.0 9.6650361e-01 4.9155458e-03
339.0 9.7242143e-01 4.9305716e-03
340.0 9.6105272e-01 4.9016648e-03
341.0 9.6820147e-01 4.9198615e-03
342.0 9.6570124e-01 4.9135050e-03
343.0 9.6497429e-01 4.9116553e-03
344.0 9.6059476e-01 4.9004968e-03
345.0 9.5983498e-01 4.8985584e-03
346.0 9.6563061e-01 4.9133253e-03
347.0 9.6864912e-01 4.9209987e-03
348.0 9.7017193e-01 4.9248653e-03
349.0 9.6951452e-01 4.9231964e-03
350.0 9.6129404e-01 4.9022802e-03
351.0 9.5641728e-01 4.8898295e-03
352.0 9.5438833e-01 4.8846401e-03
353.0 9.5621517e-01 4.8893128e-03
354.0 9.5623648e-01 4.8893673e-03
355.0 9.6079282e-01 4.9010020e-03
356.0 9.6252567e-01 4.9054197e-03
357.0 9.6205418e-01 4.9042181e-03
358.0 9.7291578e-01 4.9318247e-03
359.0 9.7372609e-01 4.9338780e-03
360.0 9.7026125e-01 4.9250920e-03
361.0 9.7860708e-01 4.9462286e-03
362.0 9.8323390e-01 4.9579076e-03
363.0 9.9058290e-01 4.9764016e-03
364.0 9.8800650e-01 4.9699258e-03
365.0 9.9107889e-01 4.9776473e-03
366.0 9.8162921e-01 4.9538602e-03
367.0 9.8409318e-01 4.9600736e-03
368.0 9.8155605e-01 4.9536755e-03
369.0 9.7308021e-01 4.9322414e-03
370.0 9.7707639e-01 4.9423588e-03
371.0 9.6662846e-01 4.9158633e-03
372.0 9.5609314e-01 4.8890008e-03
373.0 9.5762259e-01 4.8929097e-03
374.0 9.5997661e-01 4.8989198e-03
375.0 9.6432861e-01 4.9100118e-03
376.0 9.6719795e-01 4.9173112e-03
377.0 9.7379463e-01 4.9340517e-03
378.0 9.7607511e-01 4.9398257e-03
379.0 9.7401225e-01 4.9346030e-03
380.0 9.7246056e-01 4.9306708e-03
381.0 9.6987407e-01 4.9241093e-03
382.0 9.7038713e-01 4.9254115e-03
383.0 9.6370766e-01 4.9084307e-03
384.0 9.6471347e-01 4.9109914e-03
385.0 9.6346562e-01 4.9078143e-03
386.0 9.6414748e-01 4.9095506e-03
387.0 9.6480471e-01 4.9112237e-03
388.0 9.5166173e-01 4.8776576e-03
389.0 9.4698528e-01 4.8656585e-03
390.0 9.4655428e-01 4.8645511e-03
391.0 9.4636882e-01 4.8640745e-03
392.0 9.4771228e-01 4.8675258e-03
393.0 9.4921644e-01 4.8713870e-03
394.0 9.5675829e-01 4.8907011e-03
395.0 9.5794980e-01 4.8937455e-03
396.0 9.5589848e-01 4.8885031e-03
397.0 9.4742331e-01 4.8667836e-03
398.0 9.4069598e-01 4.8494742e-03
399.0 9.4366538e-01 4.8571221e-03
400.0 9.4916319e-01 4.8712503e-03
401.0 9.5682382e-01 4.8908686e-03
402.0 9.5232579e-01 4.8793591e-03
403.0 9.5056402e-01 4.8748437e-03
404.0 9.5159786e-01 4.8774939e-03
405.0 9.6178417e-01 4.9035298e-03
406.0 9.6170431e-01 4.9033262e-03
407.0 9.6885121e-01 4.9215120e-03
408.0 9.6869613e-01 4.9211181e-03
409.0 9.7361916e-01 4.9336071e-03
410.0 9.7749614e-01 4.9434203e-03
411.0 9.7688681e-01 4.9418793e-03
412.0 9.7042762e-01 4.9255143e-03
413.0 9.6809249e-01 4.9195846e-03
414.0 9.7459159e-01 4.9360703e-03
415.0 9.7762440e-01 4.9437445e-03
416.0 9.7406942e-01 4.9347478e-03
417.0 9.7113088e-01 4.9272987e-03
418.0 9.6137911e-01 4.9024971e-03
419.0 9.6798344e-01 4.9193075e-03
420.0 9.7151372e-01 4.9282698e-03
421.0 9.6975276e-01 4.9238013e-03
422.0 9.6974161e-01 4.9237730e-03
423.0 9.5777858e-01 4.8933082e-03
424.0 9.5482007e-01 4.8857448e-03
425.0 9.6121879e-01 4.9020883e-03
426.0 9.6554315e-01 4.9131028e-03
427.0 9.6634104e-01 4.9151324e-03
428.0 9.6551832e-01 4.9130396e-03
429.0 9.6857888e-01 4.9208203e-03
430.0 9.6628535e-01 4.9149908e-03
431.0 9.5697344e-01 4.8912510e-03
432.0 9.5663437e-01 4.8903844e-03
433.0 9.5821869e-01 4.8944323e-03
434.0 9.6345083e-01 4.9077766e-03
435.0 9.5537985e-01 4.8871767e-03
436.0 9.5444845e-01 4.8847939e-03
437.0 9.5378348e-01 4.8830920e-03
438.0 9.4800894e-01 4.8682876e-03
439.0 9.5045449e-01 4.8745628e-03
440.0 9.5409556e-01 4.8838908e-03
441.0 9.5235878e-01 4.8794436e-03
442.0 9.6238101e-01 4.9050510e-03
443.0 9.6025172e-01 4.8996217e-03
444.0 9.5753429e-01 4.8926841e-03
445.0 9.5459293e-01 4.8851636e-03
446.0 9.5013652e-01 4.8737474e-03
447.0 9.4724736e-01 4.8663317e-03
448.0 9.4018203e-01 4.8481492e-03
449.0 9.3959608e-01 4.8466382e-03
450.0 9.4026505e-01 4.8483633e-03
451.0 9.2924936e-01 4.8198791e-03
452.0 9.2951190e-01 4.8205599e-03
453.0 9.3074014e-01 4.8237438e-03
454.0 9.3412979e-01 4.8325195e-03
455.0 9.4078270e-01 4.8496977e-03
456.0 9.4538337e-01 4.8615414e-03
457.0 9.4248174e-01 4.8540750e-03
458.0 9.3912662e-01 4.8454273e-03
459.0 9.4239306e-01 4.8538466e-03
460.0 9.3990008e-01 4.8474222e-03
461.0 9.3418992e-01 4.8326751e-03
462.0 9.4683872e-01 4.8652819e-03
463.0 9.4528914e-01 4.8612991e-03
464.0 9.4229793e-01 4.8536016e-03
465.0 9.3162747e-01 4.8260426e-03
466.0 9.3665546e-01 4.8390481e-03
467.0 9.3219930e-01 4.8275235e-03
468.0 9.3306139e-01 4.8297552e-03
469.0 9.3867580e-01 4.8442642e-03
470.0 9.3424984e-01 4.8328300e-03
471.0 9.3539675e-01 4.8357956e-03
472.0 9.4365775e-01 4.8571024e-03
473.0 9.3153706e-01 4.8258084e-03
474.0 9.2820515e-01 4.8171702e-03
475.0 9.2476552e-01 4.8082365e-03
476.0 9.2485007e-01 4.8084563e-03
477.0 9.2577232e-01 4.8108532e-03
478.0 9.2149998e-01 4.7997395e-03
479.0 9.1950200e-01 4.7945334e-03
480.0 9.1701270e-01 4.7880390e-03
481.0 9.1668568e-01 4.7871852e-03
482.0 9.1937380e-01 4.7941991e-03
483.0 9.2518447e-01 4.8093255e-03
484.0 9.3159666e-01 4.8259628e-03
485.0 9.3577635e-01 4.8367767e-03
486.0 9.3196351e-01 4.8269129e-03
487.0 9.3281875e-01 4.8291271e-03
488.0 9.4535029e-01 4.8614563e-03
489.0 9.5065814e-01 4.8750850e-03
490.0 9.4817757e-01 4.8687205e-03
491.0 9.5613492e-01 4.8891076e-03
492.0 9.5392970e-01 4.8834663e-03
493.0 9.5019358e-01 4.8738937e-03
494.0 9.5717480e-01 4.8917656e-03
495.0 9.5025833e-01 4.8740598e-03
496.0 9.4054818e-01 4.8490932e-03
497.0 9.4561834e-01 4.8621455e-03
498.0 9.4586850e-01 4.8627886e-03
499.0 9.4665814e-01 4.8648179e-03
500.0 9.4494858e-01 4.8604233e-03
501.0 9.4386123e-01 4.8576261e-03
502.0 9.4182912e-01 4.8523941e-03
503.0 9.3903878e-01 4.8452007e-03
504.0 9.3751196e-01 4.8412601e-03
505.0 9.3597143e-01 4.8372809e-03
506.0 9.3242958e-01 4.8281197e-03
507.0 9.3046134e-01 4.8230212e-03
508.0 9.1878535e-01 4.7926646e-03
509.0 9.2354040e-01 4.8050505e-03
510.0 9.2669958e-01 4.8132619e-03
511.0 9.2730750e-01 4.8148404e-03
512.0 9.2948120e-01 4.8204803e-03
513.0 9.3171013e-01 4.8262567e-03
514.0 9.2880514e-01 4.8187269e-03
515.0 9.2726850e-01 4.8147391e-03
516.0 9.3079853e-01 4.8238951e-03
517.0 9.3282005e-01 4.8291305e-03
518.0 9.4377179e-01 4.8573959e-03
519.0 9.5206205e-01 4.8786834e-03
520.0 9.5661761e-01 4.8903416e-03
521.0 9.5240591e-01 4.8795643e-03
522.0 9.4931892e-01 4.8716500e-03
523.0 9.4430624e-01 4.8587711e-03
524.0 9.4586231e-01 4.8627727e-03
525.0 9.3232265e-01 4.8278428e-03
526.0 9.3072978e-01 4.8237169e-03
527.0 9.3006366e-01 4.8219904e-03
528.0 9.2329643e-01 4.8044158e-03
529.0 9.2850444e-01 4.8179468e-03
530.0 9.2381579e-01 4.8057668e-03
531.0 9.2624659e-01 4.8120853e-03
532.0 9.4132690e-01 4.8511002e-03
533.0 9.3356115e-01 4.8310484e-03
534.0 9.3357223e-01 4.8310771e-03
535.0 9.3216137e-01 4.8274252e-03
536.0 9.2996881e-01 4.8217446e-03
537.0 9.3462807e-01 4.8338082e-03
538.0 9.4069678e-01 4.8494762e-03
539.0 9.4502031e-01 4.8606078e-03
540.0 9.4163872e-01 4.8519036e-03
541.0 9.5416629e-01 4.8840718e-03
542.0 9.4494185e-01 4.8604060e-03
543.0 9.4000620e-01 4.8476959e-03
544.0 9.4127736e-01 4.8509725e-03
545.0 9.4204762e-01 4.8529569e-03
546.0 9.4484003e-01 4.8601441e-03
547.0 9.5293397e-01 4.8809169e-03
548.0 9.5209816e-01 4.8787759e-03
549.0 9.5247891e-01 4.8797513e-03
550.0 9.4938681e-01 4.8718241e-03
551.0 9.5227328e-01 4.8792246e-03
552.0 9.5041567e-01 4.8744632e-03
553.0 9.4880314e-01 4.8703263e-03
554.0 9.5145331e-01 4.8771234e-03
555.0 9.5651212e-01 4.8900719e-03
556.0 9.4508133e-01 4.8607647e-03
557.0 9.4708895e-01 4.8659248e-03
558.0 9.4582264e-01 4.8626707e-03
559.0 9.5066933e-01 4.8751137e-03
560.0 9.4931955e-01 4.8716516e-03
561.0 9.5580106e-01 4.8882540e-03
562.0 9.5214270e-01 4.8788900e-03
563.0 9.4061412e-01 4.8492632e-03
564.0 9.4637951e-01 4.8641020e-03
565.0 9.4234489e-01 4.8537226e-03
566.0 9.3467706e-01 4.8339349e-03
567.0 9.3545671e-01 4.8359506e-03
568.0 9.3473233e-01 4.8340778e-03
569.0 9.3955127e-01 4.8465227e-03
570.0 9.4453672e-01 4.8593640e-03
571.0 9.4526181e-01 4.8612288e-03
572.0 9.4086422e-01 4.8499078e-03
573.0 9.4270569e-01 4.8546516e-03
574.0 9.4385310e-01 4.8576052e-03
575.0 9.4684693e-01 4.8653030e-03
576.0 9.4263848e-01 4.8544786e-03
577.0 9.4076879e-01 4.8496618e-03
578.0 9.4384085e-01 4.8575736e-03
579.0 9.5025394e-01 4.8740485e-03
580.0 9.5504523e-01 4.8863208e-03
581.0 9.5520642e-01 4.8867331e-03
582.0 9.5244571e-01 4.8796663e-03
583.0 9.5427137e-01 4.8843408e-03
584.0 9.4858229e-01 4.8697595e-03
585.0 9.4436845e-01 4.8589311e-03
586.0 9.5222876e-01 4.8791105e-03
587.0 9.5403008e-01 4.8837232e-03
588.0 9.5211521e-01 4.8788196e-03
589.0 9.5610141e-01 4.8890219e-03
590.0 9.6220592e-01 4.9046048e-03
591.0 9.5938282e-01 4.8974045e-03
592.0 9.5671316e-01 4.8905858e-03
593.0 9.5350504e-01 4.8823792e-03
594.0 9.5811719e-01 4.8941731e-03
595.0 9.6258114e-01 4.9055610e-03
596.0 9.6885047e-01 4.9215101e-03
597.0 9.7298002e-01 4.9319875e-03
598.0 9.6350757e-01 4.9079211e-03
599.0 9.6440849e-01 4.9102151e-03
600.0 9.5827637e-01 4.8945796e-03
601.0 9.5517298e-01 4.8866476e-03
602.0 9.5575377e-01 4.8881330e-03
603.0 9.5954982e-01 4.8978307e-03
604.0 9.5461750e-01 4.8852265e-03
605.0 9.4272923e-01 4.8547122e-03
606.0 9.4399877e-01 4.8579800e-03
607.0 9.5742871e-01 4.8924143e-03
608.0 9.5599361e-01 4.8887463e-03
609.0 9.5582152e-01 4.8883063e-03
610.0 9.6443304e-01 4.9102776e-03
611.0 9.6665110e-01 4.9159209e-03
612.0 9.6689066e-01 4.9165300e-03
613.0 9.6826342e-01 4.9200189e-03
614.0 9.6859669e-01 4.9208655e-03
615.0 9.6194004e-01 4.9039271e-03
616.0 9.5457550e-01 4.8851190e-03
617.0 9.6379700e-01 4.9086582e-03
618.0 9.6398600e-01 4.9091395e-03
619.0 9.6370507e-01 4.9084241e-03
620.0 9.6262092e-01 4.9056624e-03
621.0 9.6587395e-01 4.9139443e-03
622.0 9.7771874e-01 4.9439831e-03
623.0 9.7901843e-01 4.9472680e-03
624.0 9.7469416e-01 4.9363300e-03
625.0 9.7271489e-01 4.9313155e-03
626.0 9.7694211e-01 4.9420191e-03
627.0 9.7272867e-01 4.9313504e-03
628.0 9.7591246e-01 4.9394141e-03
629.0 9.6305240e-01 4.9067617e-03
630.0 9.6117442e-01 4.9019752e-03
631.0 9.6376030e-01 4.9085647e-03
632.0 9.6938667e-01 4.9228718e-03
633.0 9.6426029e-01 4.9098378e-03
634.0 9.5605879e-01 4.8889130e-03
635.0 9.5437641e-01 4.8846096e-03
636.0 9.4849504e-01 4.8695355e-03
637.0 9.4770378e-01 4.8675040e-03
638.0 9.4779063e-01 4.8677270e-03
639.0 9.4120267e-01 4.8507800e-03
640.0 9.4561578e-01 4.8621389e-03
641.0 9.4496821e-01 4.8604738e-03
642.0 9.5056086e-01 4.8748356e-03
643.0 9.4126856e-01 4.8509498e-03
644.0 9.3649052e-01 4.8386220e-03
645.0 9.3961262e-01 4.8466809e-03
646.0 9.3603081e-01 4.8374343e-03
647.0 9.3590897e-01 4.8371194e-03
648.0 9.3650001e-01 4.8386465e-03
649.0 9.3782097e-01 4.8420579e-03
650.0 9.3503291e-01 4.8348550e-03
651.0 9.3643085e-01 4.8384679e-03
652.0 9.3308149e-01 4.8298072e-03
653.0 9.3724695e-01 4.8405758e-03
654.0 9.3727596e-01 4.8406507e-03
655.0 9.3860758e-01 4.8440881e-03
656.0 9.5192943e-01 4.8783436e-03
657.0 9.4622685e-01 4.8637096e-03
658.0 9.5332740e-01 4.8819243e-03
659.0 9.3979549e-01 4.8471525e-03
660.0 9.2978465e-01 4.8212671e-03
661.0 9.2449478e-01 4.8075326e-03
662.0 9.1967250e-01 4.7949779e-03
663.0 9.2215585e-01 4.8014473e-03
664.0 9.2489909e-01 4.8085837e-03
665.0 9.2471984e-01 4.8081178e-03
666.0 9.2513612e-01 4.8091999e-03
667.0 9.2886513e-01 4.8188825e-03
668.0 9.3398672e-01 4.8321494e-03
669.0 9.2811346e-01 4.8169323e-03
670.0 9.2724618e-01 4.8146812e-03
671.0 9.2787839e-01 4.8163222e-03
672.0 9.3133937e-01 4.8252963e-03
673.0 9.2830788e-01 4.8174368e-03
674.0 9.2892066e-01 4.8190265e-03
675.0 9.2999742e-01 4.8218187e-03
676.0 9.2731911e-01 4.8148705e-03
677.0 9.2470821e-01 4.8080875e-03
678.0 9.2644264e-01 4.8125945e-03
679.0 9.2684533e-01 4.8136404e-03
680.0 9.3031245e-01 4.8226353e-03
681.0 9.2602327e-01 4.8115052e-03
682.0 9.2530126e-01 4.8096291e-03
683.0 9.2531815e-01 4.8096730e-03
684.0 9.3047979e-01 4.8230690e-03
685.0 9.2670771e-01 4.8132830e-03
686.0 9.2883684e-01 4.8188091e-03
687.0 9.3110142e-01 4.8246799e-03
688.0 9.4027387e-01 4.8483860e-03
689.0 9.3547472e-01 4.8359971e-03
690.0 9.3292813e-01 4.8294103e-03
691.0 9.2897764e-01 4.8191743e-03
692.0 9.2160848e-01 4.8000221e-03
693.0 9.3177647e-01 4.8264285e-03
694.0 9.2635903e-01 4.8123774e-03
695.0 9.2332287e-01 4.8044846e-03
696.0 9.3113106e-01 4.8247567e-03
697.0 9.2317614e-01 4.8041028e-03
698.0 9.2822086e-01 4.8172110e-03
699.0 9.2218478e-01 4.8015226e-03
700.0 9.2960733e-01 4.8208074e-03
701.0 9.1967202e-01 4.7949766e-03
702.0 9.1229167e-01 4.7756981e-03
703.0 9.1135473e-01 4.7732451e-03
704.0 9.1798352e-01 4.7905728e-03
705.0 9.1933970e-01 4.7941102e-03
706.0 9.1907297e-01 4.7934147e-03
707.0 9.2722717e-01 4.8146318e-03
708.0 9.3899257e-01 4.8450815e-03
709.0 9.4296777e-01 4.8553264e-03
710.0 9.4012815e-01 4.8480103e-03
711.0 9.3839759e-01 4.8435462e-03
712.0 9.3237962e-01 4.8279903e-03
713.0 9.3366734e-01 4.8313232e-03
714.0 9.2631249e-01 4.8122565e-03
715.0 9.3011712e-01 4.8221290e-03
716.0 9.4102268e-01 4.8503162e-03
717.0 9.4500639e-01 4.8605720e-03
718.0 9.4289883e-01 4.8551489e-03
719.0 9.4586606e-01 4.8627823e-03
720.0 9.5420258e-01 4.8841647e-03
721.0 9.6179386e-01 4.9035545e-03
722.0 9.5612087e-01 4.8890717e-03
723.0 9.5838297e-01 4.8948518e-03
724.0 9.5714827e-01 4.8916978e-03
725.0 9.6083390e-01 4.9011068e-03
726.0 9.6216637e-01 4.9045040e-03
727.0 9.4972053e-01 4.8726803e-03
728.0 9.4794120e-01 4.8681136e-03
729.0 9.4896084e-01 4.8707311e-03
730.0 9.4177060e-01 4.8522433e-03
731.0 9.4508273e-01 4.8607683e-03
732.0 9.3756195e-01 4.8413892e-03
733.0 9.3407179e-01 4.8323695e-03
734.0 9.4150799e-01 4.8515668e-03
735.0 9.3747205e-01 4.8411570e-03
736.0 9.4097135e-01 4.8501839e-03
737.0 9.3252126e-01 4.8283570e-03
738.0 9.4377375e-01 4.8574009e-03
739.0 9.4247138e-01 4.8540483e-03
740.0 9.4326727e-01 4.8560974e-03
741.0 9.4441940e-01 4.8590622e-03
742.0 9.4773344e-01 4.8675801e-03
743.0 9.4018345e-01 4.8481529e-03
744.0 9.4061193e-01 4.8492575e-03
745.0 9.3771242e-01 4.8417777e-03
746.0 9.2976649e-01 4.8212200e-03
747.0 9.3557587e-01 4.8362586e-03
748.0 9.3457487e-01 4.8336706e-03
749.0 9.3643385e-01 4.8384756e-03
750.0 9.3794973e-01 4.8423903e-03
751.0 9.3687759e-01 4.8396219e-03
752.0 9.4733574e-01 4.8665587e-03
753.0 9.4716880e-01 4.8661299e-03
754.0 9.3943669e-01 4.8462271e-03
755.0 9.3789422e-01 4.8422470e-03
756.0 9.4094951e-01 4.8501276e-03
757.0 9.4402128e-01 4.8580379e-03
758.0 9.3887831e-01 4.8447867e-03
759.0 9.4406997e-01 4.8581632e-03
760.0 9.3538123e-01 4.8357555e-03
761.0 9.4166064e-01 4.8519600e-03
762.0 9.3545951e-01 4.8359578e-03
763.0 9.3510742e-01 4.8350476e-03
764.0 9.4106887e-01 4.8504352e-03
765.0 9.4204530e-01 4.8529509e-03
766.0 9.4645507e-01 4.8642961e-03
767.0 9.4964103e-01 4.8724764e-03
768.0 9.5620546e-01 4.8892880e-03
769.0 9.6108535e-01 4.9017481e-03
770.0 9.5832314e-01 4.8946990e-03
771.0 9.6097113e-01 4.9014568e-03
772.0 9.5281347e-01 4.8806083e-03
773.0 9.5241300e-01 4.8795825e-03
774.0 9.5631084e-01 4.8895574e-03
775.0 9.5664258e-01 4.8904054e-03
776.0 9.5855024e-01 4.8952790e-03
777.0 9.5697776e-01 4.8912620e-03
778.0 9.6226097e-01 4.9047451e-03
779.0 9.6134725e-01 4.9024159e-03
780.0 9.5838981e-01 4.8948693e-03
781.0 9.6245627e-01 4.9052428e-03
782.0 9.5480980e-01 4.8857185e-03
783.0 9.5706734e-01 4.8914910e-03
784.0 9.5134221e-01 4.8768387e-03
785.0 9.5769258e-01 4.8930885e-03
786.0 9.5604466e-01 4.8888768e-03
787.0 9.5640468e-01 4.8897973e-03
788.0 9.5821985e-01 4.8944353e-03
789.0 9.4797943e-01 4.8682118e-03
790.0 9.4487894e-01 4.8602442e-03
791.0 9.5028710e-01 4.8741335e-03
792.0 9.5449731e-01 4.8849189e-03
793.0 9.5572019e-01 4.8880472e-03
794.0 9.4869074e-01 4.8700379e-03
795.0 9.5156439e-01 4.8774081e-03
796.0 9.5501408e-01 4.8862411e-03
797.0 9.5499175e-01 4.8861840e-03
798.0 9.6094882e-01 4.9013999e-03
799.0 9.5693819e-01 4.8911609e-03
800.0 9.5401572e-01 4.8836865e-03
801.0 9.4134108e-01 4.8511367e-03
802.0 9.4629230e-01 4.8638778e-03
803.0 9.4805475e-01 4.8684052e-03
804.0 9.3962218e-01 4.8467056e-03
805.0 9.3140681e-01 4.8254710e-03
806.0 9.2791176e-01 4.8164088e-03
807.0 9.3272646e-01 4.8288883e-03
808.0 9.3209341e-01 4.8272493e-03
809.0 9.2888253e-01 4.8189276e-03
810.0 9.2482269e-01 4.8083851e-03
811.0 9.2077512e-01 4.7978514e-03
812.0 9.1237566e-01 4.7759179e-03
813.0 9.0809716e-01 4.7647066e-03
814.0 9.0483004e-01 4.7561278e-03
815.0 9.1023464e-01 4.7703109e-03
816.0 9.1134897e-01 4.7732300e-03
817.0 9.0896364e-01 4.7669793e-03
818.0 9.2241501e-01 4.8021220e-03
819.0 9.2036026e-01 4.7967705e-03
820.0 9.2762178e-01 4.8156562e-03
821.0 9.3673095e-01 4.8392431e-03
822.0 9.2947417e-01 4.8204621e-03
823.0 9.3081111e-01 4.8239277e-03
824.0 9.2913350e-01 4.8195786e-03
825.0 9.2716693e-01 4.8144754e-03
826.0 9.3090530e-01 4.8241717e-03
827.0 9.2870616e-01 4.8184701e-03
828.0 9.2710885e-01 4.8143246e-03
829.0 9.2744791e-01 4.8152049e-03
830.0 9.2649431e-01 4.8127288e-03
831.0 9.2181436e-01 4.8005582e-03
832.0 9.2707776e-01 4.8142439e-03
833.0 9.3339460e-01 4.8306175e-03
834.0 9.3587153e-01 4.8370227e-03
835.0 9.3458221e-01 4.8336896e-03
836.0 9.3175390e-01 4.8263700e-03
837.0 9.2916244e-01 4.8196536e-03
838.0 9.4190767e-01 4.8525964e-03
839.0 9.4695358e-01 4.8655770e-03
840.0 9.4289745e-01 4.8551454e-03
841.0 9.4402100e-01 4.8580372e-03
842.0 9.4242165e-01 4.8539202e-03
843.0 9.4583605e-01 4.8627052e-03
844.0 9.4865885e-01 4.8699560e-03
845.0 9.5410360e-01 4.8839114e-03
846.0 9.4959166e-01 4.8723497e-03
847.0 9.5018138e-01 4.8738624e-03
848.0 9.4130438e-01 4.8510421e-03
849.0 9.3538589e-01 4.8357675e-03
850.0 9.4060708e-01 4.8492450e-03
851.0 9.3619024e-01 4.8378462e-03
852.0 9.3257090e-01 4.8284856e-03
853.0 9.3336847e-01 4.8305499e-03
854.0 9.3765798e-01 4.8416371e-03
855.0 9.3289497e-01 4.8293244e-03
856.0 9.1625320e-01 4.7860558e-03
857.0 9.1337126e-01 4.7785230e-03
858.0 9.2122980e-01 4.7990359e-03
859.0 9.2424396e-01 4.8068804e-03
860.0 9.3209345e-01 4.8272494e-03
861.0 9.2730064e-01 4.8148226e-03
862.0 9.2011782e-01 4.7961386e-03
863.0 9.2381926e-01 4.8057759e-03
864.0 9.2613694e-01 4.8118005e-03
865.0 9.2886598e-01 4.8188847e-03
866.0 9.3449085e-01 4.8334534e-03
867.0 9.3738867e-01 4.8409417e-03
868.0 9.4001513e-01 4.8477189e-03
869.0 9.4399454e-01 4.8579691e-03
870.0 9.4676016e-01 4.8650801e-03
871.0 9.5129646e-01 4.8767214e-03
872.0 9.5617147e-01 4.8892011e-03
873.0 9.6350706e-01 4.9079198e-03
874.0 9.5960718e-01 4.8979771e-03
875.0 9.6155232e-01 4.9029387e-03
876.0 9.5911265e-01 4.8967149e-03
877.0 9.5456239e-01 4.8850855e-03
878.0 9.5072754e-01 4.8752630e-03
879.0 9.5321293e-01 4.8816312e-03
880.0 9.5517632e-01 4.8866561e-03
881.0 9.5693166e-01 4.8911442e-03
882.0 9.5552417e-01 4.8875459e-03
883.0 9.5525779e-01 4.8868645e-03
884.0 9.5894246e-01 4.8962804e-03
885.0 9.5101648e-01 4.8760037e-03
886.0 9.5116167e-01 4.8763759e-03
887.0 9.5150674e-01 4.8772604e-03
888.0 9.5516756e-01 4.8866337e-03
889.0 9.4819142e-01 4.8687561e-03
890.0 9.5576526e-01 4.8881624e-03
891.0 9.5649488e-01 4.8900278e-03
892.0 9.5751441e-01 4.8926333e-03
893.0 9.5512104e-01 4.8865147e-03
894.0 9.5757337e-01 4.8927839e-03
895.0 9.5748254e-01 4.8925519e-03
896.0 9.6309491e-01 4.9068700e-03
897.0 9.5525008e-01 4.8868448e-03
898.0 9.5587491e-01 4.8884428e-03
899.0 9.5764583e-01 4.8929690e-03
900.0 9.5634642e-01 4.8896483e-03
901.0 9.5408590e-01 4.8838661e-03
902.0 9.5199148e-01 4.8785026e-03
903.0 9.5275949e-01 4.8804700e-03
904.0 9.4350066e-01 4.8566981e-03
905.0 9.4859702e-01 4.8697973e-03
906.0 9.4626113e-01 4.8637977e-03
907.0 9.4705460e-01 4.8658365e-03
908.0 9.4907061e-01 4.8710128e-03
909.0 9.4636855e-01 4.8640738e-03
910.0 9.4597210e-01 4.8630549e-03
911.0 9.3591452e-01 4.8371338e-03
912.0 9.4027865e-01 4.8483983e-03
913.0 9.4607319e-01 4.8633147e-03
914.0 9.3770929e-01 4.8417696e-03
915.0 9.3626247e-01 4.8380329e-03
916.0 9.3073387e-01 4.8237275e-03
917.0 9.3080049e-01 4.8239001e-03
918.0 9.3495146e-01 4.8346444e-03
919.0 9.4065588e-01 4.8493708e-03
920.0 9.4660123e-01 4.8646717e-03
921.0 9.5318199e-01 4.8815520e-03
922.0 9.5203581e-01 4.8786162e-03
923.0 9.4620655e-01 4.8636575e-03
924.0 9.4582311e-01 4.8626719e-03
925.0 9.4916572e-01 4.8712568e-03
926.0 9.4300395e-01 4.8554195e-03
927.0 9.5174980e-01 4.8778833e-03
928.0 9.5602869e-01 4.8888360e-03
929.0 9.5472926e-01 4.8855124e-03
930.0 9.5089082e-01 4.8756816e-03
931.0 9.4753268e-01 4.8670645e-03
932.0 9.4808484e-01 4.8684824e-03
933.0 9.4693613e-01 4.8655322e-03
934.0 9.5183511e-01 4.8781019e-03
935.0 9.4994333e-01 4.8732518e-03
936.0 9.5253227e-01 4.8798880e-03
937.0 9.5232420e-01 4.8793550e-03
938.0 9.5349104e-01 4.8823433e-03
939.0 9.5215794e-01 4.8789291e-03
940.0 9.5566016e-01 4.8878936e-03
941.0 9.5893800e-01 4.8962690e-03
942.0 9.6088572e-01 4.9012390e-03
943.0 9.6328357e-01 4.9073506e-03
944.0 9.5800082e-01 4.8938758e-03
945.0 9.5927991e-01 4.8971418e-03
946.0 9.6506547e-01 4.9118873e-03
947.0 9.6666787e-01 4.9159635e-03
948.0 9.6075609e-01 4.9009083e-03
949.0 9.6000466e-01 4.8989914e-03
950.0 9.6146022e-01 4.9027039e-03
951.0 9.5700084e-01 4.8913210e-03
952.0 9.4986344e-01 4.8730469e-03
953.0 9.4824686e-01 4.8688984e-03
954.0 9.4464152e-01 4.8596335e-03
955.0 9.4479401e-01 4.8600258e-03
956.0 9.3718674e-01 4.8404203e-03
957.0 9.4051591e-01 4.8490100e-03
958.0 9.3783845e-01 4.8421030e-03
959.0 9.4336950e-01 4.8563605e-03
960.0 9.4228797e-01 4.8535760e-03
961.0 9.4249126e-01 4.8540995e-03
962.0 9.4203577e-01 4.8529264e-03
963.0 9.3892969e-01 4.8449192e-03
964.0 9.5183893e-01 4.8781117e-03
965.0 9.4922653e-01 4.8714129e-03
966.0 9.5439356e-01 4.8846534e-03
967.0 9.4874371e-01 4.8701738e-03
968.0 9.5064662e-01 4.8750555e-03
969.0 9.5300557e-01 4.8811002e-03
970.0 9.5269400e-01 4.8803023e-03
971.0 9.4982425e-01 4.8729464e-03
972.0 9.4839598e-01 4.8692812e-03
973.0 9.4646492e-01 4.8643215e-03
974.0 9.5866040e-01 4.8955603e-03
975.0 9.5823271e-01 4.8944681e-03
976.0 9.6036459e-01 4.8999097e-03
977.0 9.6879318e-01 4.9213646e-03
978.0 9.6352660e-01 4.9079696e-03
979.0 9.6302956e-01 4.9067035e-03
980.0 9.6109409e-01 4.9017703e-03
981.0 9.6023976e-01 4.8995912e-03
982.0 9.5875773e-01 4.8958088e-03
983.0 9.5466772e-01 4.8853550e-03
984.0 9.5537516e-01 4.8871647e-03
985.0 9.4990289e-01 4.8731481e-03
986.0 9.5487580e-01 4.8858874e-03
987.0 9.5771767e-01 4.8931526e-03
988.0 9.5486627e-01 4.8858630e-03
989.0 9.5236011e-01 4.8794470e-03
990.0 9.5365497e-01 4.8827630e-03
991.0 9.4941772e-01 4.8719035e-03
992.0 9.5850906e-01 4.8951738e-03
993.0 9.5987633e-01 4.8986640e-03
994.0 9.6146370e-01 4.9027128e-03
995.0 9.6424747e-01 4.9098052e-03
996.0 9.6070310e-01 4.9007732e-03
997.0 9.6567146e-01 4.9134292e-03
998.0 9.6555021e-01 4.9131208e-03
999.0 9.6949898e-01 4.9231570e-03
1000.0 9.6765959e-01 4.9184845e-03
