1.0 9.4676595e-01 5.1447550e-03
2.0 9.4218457e-01 5.1322922e-03
3.0 9.4377541e-01 5.1366232e-03
4.0 9.4499659e-01 5.1399454e-03
5.0 9.4912473e-01 5.1511599e-03
6.0 9.4667105e-01 5.1444972e-03
7.0 9.4459221e-01 5.1388455e-03
8.0 9.4239189e-01 5.1328569e-03
9.0 9.3887161e-01 5.1232611e-03
10.0 9.2874500e-01 5.0955566e-03
11.0 9.3334439e-01 5.1081583e-03
12.0 9.3726280e-01 5.1188697e-03
13.0 9.3155809e-01 5.1032677e-03
14.0 9.3051028e-01 5.1003969e-03
15.0 9.2826371e-01 5.0942361e-03
16.0 9.2609317e-01 5.0882768e-03
17.0 9.1834201e-01 5.0669382e-03
18.0 9.1710928e-01 5.0635363e-03
19.0 9.2102302e-01 5.0743291e-03
20.0 9.3271507e-01 5.1064358e-03
21.0 9.3507147e-01 5.1128822e-03
22.0 9.3594496e-01 5.1152697e-03
23.0 9.3389630e-01 5.1096683e-03
24.0 9.3127595e-01 5.1024949e-03
25.0 9.3500019e-01 5.1126873e-03
26.0 9.3592663e-01 5.1152196e-03
27.0 9.3352447e-01 5.1086510e-03
28.0 9.2980898e-01 5.0984745e-03
29.0 9.2947045e-01 5.0975463e-03
30.0 9.2736845e-01 5.0917790e-03
31.0 9.2750130e-01 5.0921437e-03
32.0 9.2658277e-01 5.0896216e-03
33.0 9.2824502e-01 5.0941848e-03
34.0 9.2391478e-01 5.0822888e-03
35.0 9.2983989e-01 5.0985593e-03
36.0 9.4261097e-01 5.1334534e-03
37.0 9.4813083e-01 5.1484621e-03
38.0 9.4921516e-01 5.1514052e-03
39.0 9.5258012e-01 5.1605280e-03
40.0 9.4831189e-01 5.1489536e-03
41.0 9.4198021e-01 5.1317356e-03
42.0 9.4519073e-01 5.1404733e-03
43.0 9.4274823e-01 5.1338272e-03
44.0 9.3714824e-01 5.1185568e-03
45.0 9.3358822e-01 5.1088254e-03
46.0 9.2931929e-01 5.0971317e-03
47.0 9.3052677e-01 5.1004421e-03
48.0 9.3355136e-01 5.1087246e-03
49.0 9.3775846e-01 5.1202230e-03
50.0 9.4206477e-01 5.1319659e-03
51.0 9.4620775e-01 5.1432382e-03
52.0 9.4664245e-01 5.1444194e-03
53.0 9.4524712e-01 5.1406267e-03
54.0 9.3988398e-01 5.1260225e-03
55.0 9.4467940e-01 5.1390827e-03
56.0 9.4369808e-01 5.1364128e-03
57.0 9.4181147e-01 5.1312760e-03
58.0 9.4617373e-01 5.1431457e-03
59.0 9.4206942e-01 5.1319786e-03
60.0 9.4484282e-01 5.1395272e-03
61.0 9.4538746e-01 5.1410083e-03
62.0 9.4076087e-01 5.1284132e-03
63.0 9.4074138e-01 5.1283601e-03
64.0 9.4534512e-01 5.1408931e-03
65.0 9.4921520e-01 5.1514054e-03
66.0 9.5571632e-01 5.1690161e-03
67.0 9.5701376e-01 5.1725235e-03
68.0 9.6986794e-01 5.2071452e-03
69.0 9.6477431e-01 5.1934535e-03
70.0 9.6202037e-01 5.1860359e-03
71.0 9.6097713e-01 5.1832232e-03
72.0 9.5466010e-01 5.1661590e-03
73.0 9.5862211e-01 5.1768681e-03
74.0 9.6181101e-01 5.1854716e-03
75.0 9.6133830e-01 5.1841971e-03
76.0 9.5861219e-01 5.1768414e-03
77.0 9.5205080e-01 5.1590941e-03
78.0 9.4864219e-01 5.1498503e-03
79.0 9.5172318e-01 5.1582063e-03
80.0 9.5129373e-01 5.1570424e-03
81.0 9.5031637e-01 5.1543925e-03
82.0 9.5321165e-01 5.1622384e-03
83.0 9.5868803e-01 5.1770461e-03
84.0 9.6005484e-01 5.1807353e-03
85.0 9.6097974e-01 5.1832302e-03
86.0 9.6575729e-01 5.1960986e-03
87.0 9.6528271e-01 5.1948217e-03
88.0 9.6312888e-01 5.1890229e-03
89.0 9.6518082e-01 5.1945476e-03
90.0 9.6350093e-01 5.1900250e-03
91.0 9.6109567e-01 5.1835429e-03
92.0 9.6510347e-01 5.1943394e-03
93.0 9.6254240e-01 5.1874428e-03
94.0 9.5069096e-01 5.1554083e-03
95.0 9.5180385e-01 5.1584249e-03
96.0 9.4991148e-01 5.1532944e-03
97.0 9.4882484e-01 5.1503460e-03
98.0 9.5088371e-01 5.1559309e-03
99.0 9.5060738e-01 5.1551817e-03
100.0 9.5181040e-01 5.1584426e-03
101.0 9.4410049e-01 5.1375078e-03
102.0 9.4096604e-01 5.1289724e-03
103.0 9.4731296e-01 5.1462410e-03
104.0 9.4741891e-01 5.1465288e-03
105.0 9.4074442e-01 5.1283683e-03
106.0 9.3686365e-01 5.1177796e-03
107.0 9.3340472e-01 5.1083234e-03
108.0 9.3441258e-01 5.1110805e-03
109.0 9.3284061e-01 5.1067795e-03
110.0 9.3012202e-01 5.0993327e-03
111.0 9.3048299e-01 5.1003221e-03
112.0 9.3282687e-01 5.1067419e-03
113.0 9.3236572e-01 5.1054794e-03
114.0 9.3069706e-01 5.1009087e-03
115.0 9.2963440e-01 5.0979958e-03
116.0 9.3125056e-01 5.1024253e-03
117.0 9.3146350e-01 5.1030086e-03
118.0 9.3481423e-01 5.1121789e-03
119.0 9.3054006e-01 5.1004785e-03
120.0 9.2784059e-01 5.0930750e-03
121.0 9.3111598e-01 5.1020566e-03
122.0 9.2771437e-01 5.0927285e-03
123.0 9.3364334e-01 5.1089763e-03
124.0 9.3931101e-01 5.1244598e-03
125.0 9.4497847e-01 5.1398961e-03
126.0 9.4135961e-01 5.1300449e-03
127.0 9.4185847e-01 5.1314040e-03
128.0 9.3995369e-01 5.1262126e-03
129.0 9.4379362e-01 5.1366728e-03
130.0 9.5068111e-01 5.1553816e-03
131.0 9.5386219e-01 5.1639996e-03
132.0 9.5352242e-01 5.1630798e-03
133.0 9.5177087e-01 5.1583355e-03
134.0 9.5403814e-01 5.1644759e-03
135.0 9.4856123e-01 5.1496305e-03
136.0 9.5045039e-01 5.1547560e-03
137.0 9.4661701e-01 5.1443503e-03
138.0 9.4951977e-01 5.1522318e-03
139.0 9.4953355e-01 5.1522691e-03
140.0 9.4861072e-01 5.1497649e-03
141.0 9.4560331e-01 5.1415951e-03
142.0 9.4441206e-01 5.1383555e-03
143.0 9.4692955e-01 5.1451995e-03
144.0 9.5135307e-01 5.1572032e-03
145.0 9.5402050e-01 5.1644281e-03
146.0 9.5988625e-01 5.1802804e-03
147.0 9.7007403e-01 5.2076984e-03
148.0 9.6804184e-01 5.2022408e-03
149.0 9.6635135e-01 5.1976964e-03
150.0 9.5951870e-01 5.1792885e-03
151.0 9.6341458e-01 5.1897925e-03
152.0 9.6768264e-01 5.2012755e-03
153.0 9.6313218e-01 5.1890318e-03
154.0 9.6484006e-01 5.1936305e-03
155.0 9.6856359e-01 5.2036425e-03
156.0 9.6813465e-01 5.2024901e-03
157.0 9.7034584e-01 5.2084279e-03
158.0 9.6988331e-01 5.2071864e-03
159.0 9.6433813e-01 5.1922794e-03
160.0 9.6840110e-01 5.2032060e-03
161.0 9.7374081e-01 5.2175314e-03
162.0 9.7660504e-01 5.2251994e-03
163.0 9.7223087e-01 5.2134845e-03
164.0 9.6848340e-01 5.2034271e-03
165.0 9.6292599e-01 5.1884763e-03
166.0 9.6523122e-01 5.1946832e-03
167.0 9.6975529e-01 5.2068428e-03
168.0 9.7081523e-01 5.2096875e-03
169.0 9.7386810e-01 5.2178724e-03
170.0 9.6958844e-01 5.2063948e-03
171.0 9.6961662e-01 5.2064705e-03
172.0 9.6359271e-01 5.1902722e-03
173.0 9.6007906e-01 5.1808006e-03
174.0 9.6321343e-01 5.1892507e-03
175.0 9.6172157e-01 5.1852304e-03
176.0 9.6628127e-01 5.1975080e-03
177.0 9.6811994e-01 5.2024506e-03
178.0 9.7819351e-01 5.2294471e-03
179.0 9.7685591e-01 5.2258704e-03
180.0 9.6946473e-01 5.2060627e-03
181.0 9.6814743e-01 5.2025245e-03
182.0 9.6361522e-01 5.1903329e-03
183.0 9.6726575e-01 5.2001550e-03
184.0 9.6704408e-01 5.1995591e-03
185.0 9.6568050e-01 5.1958920e-03
186.0 9.6430240e-01 5.1921832e-03
187.0 9.6590085e-01 5.1964848e-03
188.0 9.6278490e-01 5.1880962e-03
189.0 9.6495190e-01 5.1939315e-03
190.0 9.6832957e-01 5.2030138e-03
191.0 9.6645207e-01 5.1979673e-03
192.0 9.6261890e-01 5.1876489e-03
193.0 9.6084410e-01 5.1828644e-03
194.0 9.6392431e-01 5.1911652e-03
195.0 9.6375170e-01 5.1907004e-03
196.0 9.6530411e-01 5.1948793e-03
197.0 9.7112243e-01 5.2105117e-03
198.0 9.7089459e-01 5.2099004e-03
199.0 9.6658002e-01 5.1983114e-03
200.0 9.6990617e-01 5.2072478e-03
201.0 9.6918836e-01 5.2053205e-03
202.0 9.7178090e-01 5.2122779e-03
203.0 9.7512804e-01 5.2212466e-03
204.0 9.7019980e-01 5.2080360e-03
205.0 9.7499910e-01 5.2209014e-03
206.0 9.7754470e-01 5.2277125e-03
207.0 9.7369060e-01 5.2173969e-03
208.0 9.7343127e-01 5.2167020e-03
209.0 9.7308364e-01 5.2157704e-03
210.0 9.7218073e-01 5.2133501e-03
211.0 9.7483492e-01 5.2204618e-03
212.0 9.8006911e-01 5.2344582e-03
213.0 9.7910778e-01 5.2318904e-03
214.0 9.8348802e-01 5.2435803e-03
215.0 9.8593260e-01 5.2500930e-03
216.0 9.8539897e-01 5.2486720e-03
217.0 9.8483599e-01 5.2471725e-03
218.0 9.7896718e-01 5.2315147e-03
219.0 9.7188656e-01 5.2125613e-03
220.0 9.7186765e-01 5.2125106e-03
221.0 9.6774149e-01 5.2014337e-03
222.0 9.6699884e-01 5.1994375e-03
223.0 9.6413730e-01 5.1917387e-03
224.0 9.5639738e-01 5.1708575e-03
225.0 9.5771991e-01 5.1744315e-03
226.0 9.5593953e-01 5.1696197e-03
227.0 9.5654237e-01 5.1712495e-03
228.0 9.5335041e-01 5.1626141e-03
229.0 9.5250439e-01 5.1603229e-03
230.0 9.5926987e-01 5.1786169e-03
231.0 9.5993027e-01 5.1803992e-03
232.0 9.6164977e-01 5.1850369e-03
233.0 9.5571665e-01 5.1690170e-03
234.0 9.6436109e-01 5.1923412e-03
235.0 9.7024833e-01 5.2081662e-03
236.0 9.7401902e-01 5.2182767e-03
237.0 9.7554588e-01 5.2223651e-03
238.0 9.7378709e-01 5.2176554e-03
239.0 9.7363818e-01 5.2172564e-03
240.0 9.7605528e-01 5.2237284e-03
241.0 9.7173787e-01 5.2121625e-03
242.0 9.6849427e-01 5.2034563e-03
243.0 9.6051277e-01 5.1819707e-03
244.0 9.5676040e-01 5.1718388e-03
245.0 9.6304542e-01 5.1887981e-03
246.0 9.6129396e-01 5.1840776e-03
247.0 9.5976865e-01 5.1799631e-03
248.0 9.6081699e-01 5.1827913e-03
249.0 9.5439720e-01 5.1654476e-03
250.0 9.5906517e-01 5.1780644e-03
251.0 9.6479105e-01 5.1934986e-03
252.0 9.6666303e-01 5.1985346e-03
253.0 9.7318365e-01 5.2160385e-03
254.0 9.6717890e-01 5.1999215e-03
255.0 9.7407793e-01 5.2184345e-03
256.0 9.7001057e-01 5.2075280e-03
257.0 9.6360550e-01 5.1903067e-03
258.0 9.6133362e-01 5.1841845e-03
259.0 9.6763139e-01 5.2011378e-03
260.0 9.6627271e-01 5.1974850e-03
261.0 9.6172365e-01 5.1852360e-03
262.0 9.5589601e-01 5.1695020e-03
263.0 9.5491196e-01 5.1668405e-03
264.0 9.4642012e-01 5.1438153e-03
265.0 9.4121821e-01 5.1296596e-03
266.0 9.4814482e-01 5.1485000e-03
267.0 9.5407548e-01 5.1645769e-03
268.0 9.5397478e-01 5.1643044e-03
269.0 9.5228383e-01 5.1597254e-03
270.0 9.5265057e-01 5.1607188e-03
271.0 9.6193747e-01 5.1858124e-03
272.0 9.6266228e-01 5.1877658e-03
273.0 9.6540347e-01 5.1951467e-03
274.0 9.6379487e-01 5.1908166e-03
275.0 9.6344840e-01 5.1898836e-03
276.0 9.6518686e-01 5.1945638e-03
277.0 9.6436094e-01 5.1923408e-03
278.0 9.5521169e-01 5.1676513e-03
279.0 9.5903451e-01 5.1779816e-03
280.0 9.5527363e-01 5.1678188e-03
281.0 9.6306053e-01 5.1888388e-03
282.0 9.6533396e-01 5.1949596e-03
283.0 9.6525456e-01 5.1947460e-03
284.0 9.6650486e-01 5.1981093e-03
285.0 9.6552925e-01 5.1954851e-03
286.0 9.6333674e-01 5.1895828e-03
287.0 9.6416636e-01 5.1918169e-03
288.0 9.6776006e-01 5.2014836e-03
289.0 9.6539947e-01 5.1951359e-03
290.0 9.6249270e-01 5.1873088e-03
291.0 9.6043996e-01 5.1817743e-03
292.0 9.6375323e-01 5.1907045e-03
293.0 9.6863054e-01 5.2038224e-03
294.0 9.6900634e-01 5.2048317e-03
295.0 9.7053917e-01 5.2089468e-03
296.0 9.6734625e-01 5.2003714e-03
297.0 9.7075605e-01 5.2095287e-03
298.0 9.7243767e-01 5.2140389e-03
299.0 9.6886881e-01 5.2044624e-03
300.0 9.6085918e-01 5.1829051e-03
301.0 9.5538237e-01 5.1681129e-03
302.0 9.5229034e-01 5.1597430e-03
303.0 9.5685111e-01 5.1720840e-03
304.0 9.6275931e-01 5.1880272e-03
305.0 9.6014742e-01 5.1809851e-03
306.0 9.5785974e-01 5.1748092e-03
307.0 9.5854394e-01 5.1766571e-03
308.0 9.5864365e-01 5.1769263e-03
309.0 9.6260121e-01 5.1876013e-03
310.0 9.6027363e-01 5.1813256e-03
311.0 9.6392728e-01 5.1911732e-03
312.0 9.6243096e-01 5.1871425e-03
313.0 9.6528834e-01 5.1948369e-03
314.0 9.6321712e-01 5.1892606e-03
315.0 9.5941719e-01 5.1790146e-03
316.0 9.6566614e-01 5.1958534e-03
317.0 9.6844528e-01 5.2033247e-03
318.0 9.6006180e-01 5.1807541e-03
319.0 9.5809242e-01 5.1754377e-03
320.0 9.6280021e-01 5.1881374e-03
321.0 9.5747461e-01 5.1737688e-03
322.0 9.6022852e-01 5.1812039e-03
323.0 9.6240148e-01 5.1870630e-03
324.0 9.5902571e-01 5.1779578e-03
325.0 9.5874357e-01 5.1771961e-03
326.0 9.5015171e-01 5.1539460e-03
327.0 9.5736326e-01 5.1734679e-03
328.0 9.5606825e-01 5.1699677e-03
329.0 9.5906531e-01 5.1780647e-03
330.0 9.6118188e-01 5.1837753e-03
331.0 9.6633772e-01 5.1976598e-03
332.0 9.6413044e-01 5.1917202e-03
333.0 9.6430792e-01 5.1921981e-03
334.0 9.6566030e-01 5.1958376e-03
335.0 9.6828489e-01 5.2028938e-03
336.0 9.7188630e-01 5.2125606e-03
337.0 9.6881437e-01 5.2043161e-03
338.0 9.6532782e-01 5.1949431e-03
339.0 9.6995988e-01 5.2073920e-03
340.0 9.6054221e-01 5.1820501e-03
341.0 9.6581815e-01 5.1962623e-03
342.0 9.6353514e-01 5.1901172e-03
343.0 9.6300454e-01 5.1886879e-03
344.0 9.5982682e-01 5.1801200e-03
345.0 9.5969559e-01 5.1797659e-03
346.0 9.6483622e-01 5.1936201e-03
347.0 9.6763826e-01 5.2011562e-03
348.0 9.6909371e-01 5.2050664e-03
349.0 9.6879906e-01 5.2042750e-03
350.0 9.6257030e-01 5.1875180e-03
351.0 9.5904448e-01 5.1780085e-03
352.0 9.5761151e-01 5.1741387e-03
353.0 9.5899642e-01 5.1778787e-03
354.0 9.5878118e-01 5.1772977e-03
355.0 9.6216028e-01 5.1864130e-03
356.0 9.6332558e-01 5.1895527e-03
357.0 9.6279752e-01 5.1881302e-03
358.0 9.7131804e-01 5.2110364e-03
359.0 9.7173290e-01 5.2121492e-03
360.0 9.6880790e-01 5.2042988e-03
361.0 9.7560022e-01 5.2225106e-03
362.0 9.7966089e-01 5.2333679e-03
363.0 9.8587933e-01 5.2499512e-03
364.0 9.8384459e-01 5.2445307e-03
365.0 9.8589577e-01 5.2499949e-03
366.0 9.7764797e-01 5.2279886e-03
367.0 9.7898175e-01 5.2315536e-03
368.0 9.7662023e-01 5.2252400e-03
369.0 9.6985542e-01 5.2071116e-03
370.0 9.7332573e-01 5.2164192e-03
371.0 9.6539235e-01 5.1951167e-03
372.0 9.5749608e-01 5.1738268e-03
373.0 9.5935917e-01 5.1788580e-03
374.0 9.6190150e-01 5.1857155e-03
375.0 9.6595923e-01 5.1966418e-03
376.0 9.6885204e-01 5.2044173e-03
377.0 9.7489543e-01 5.2206238e-03
378.0 9.7754530e-01 5.2277141e-03
379.0 9.7650026e-01 5.2249190e-03
380.0 9.7546050e-01 5.2221366e-03
381.0 9.7320837e-01 5.2161047e-03
382.0 9.7320894e-01 5.2161062e-03
383.0 9.6735864e-01 5.2004047e-03
384.0 9.6756828e-01 5.2009682e-03
385.0 9.6585094e-01 5.1963505e-03
386.0 9.6550695e-01 5.1954251e-03
387.0 9.6503036e-01 5.1941427e-03
388.0 9.5371961e-01 5.1636137e-03
389.0 9.4971444e-01 5.1527599e-03
390.0 9.4964635e-01 5.1525752e-03
391.0 9.5010466e-01 5.1538184e-03
392.0 9.5189328e-01 5.1586672e-03
393.0 9.5370192e-01 5.1635658e-03
394.0 9.6004509e-01 5.1807090e-03
395.0 9.6097320e-01 5.1832126e-03
396.0 9.5908311e-01 5.1781128e-03
397.0 9.5194594e-01 5.1588099e-03
398.0 9.4615785e-01 5.1431025e-03
399.0 9.4815198e-01 5.1485195e-03
400.0 9.5227396e-01 5.1596987e-03
401.0 9.5818695e-01 5.1756930e-03
402.0 9.5422905e-01 5.1649926e-03
403.0 9.5213000e-01 5.1593086e-03
404.0 9.5204434e-01 5.1590765e-03
405.0 9.5941704e-01 5.1790142e-03
406.0 9.5895675e-01 5.1777717e-03
407.0 9.6465669e-01 5.1931369e-03
408.0 9.6481456e-01 5.1935619e-03
409.0 9.6922569e-01 5.2054208e-03
410.0 9.7274829e-01 5.2148716e-03
411.0 9.7230966e-01 5.2136958e-03
412.0 9.6669922e-01 5.1986319e-03
413.0 9.6416418e-01 5.1918111e-03
414.0 9.6895997e-01 5.2047072e-03
415.0 9.7152169e-01 5.2115827e-03
416.0 9.6916449e-01 5.2052565e-03
417.0 9.6723668e-01 5.2000769e-03
418.0 9.5963117e-01 5.1795921e-03
419.0 9.6511766e-01 5.1943776e-03
420.0 9.6842089e-01 5.2032592e-03
421.0 9.6774223e-01 5.2014356e-03
422.0 9.6851698e-01 5.2035173e-03
423.0 9.5966532e-01 5.1796842e-03
424.0 9.5793557e-01 5.1750140e-03
425.0 9.6356688e-01 5.1902027e-03
426.0 9.6727537e-01 5.2001809e-03
427.0 9.6782974e-01 5.2016708e-03
428.0 9.6695956e-01 5.1993319e-03
429.0 9.6937656e-01 5.2058259e-03
430.0 9.6770223e-01 5.2013282e-03
431.0 9.6029786e-01 5.1813910e-03
432.0 9.5973639e-01 5.1798760e-03
433.0 9.6052137e-01 5.1819939e-03
434.0 9.6439002e-01 5.1924191e-03
435.0 9.5793647e-01 5.1750165e-03
436.0 9.5727079e-01 5.1732181e-03
437.0 9.5654369e-01 5.1712530e-03
438.0 9.5137232e-01 5.1572554e-03
439.0 9.5272139e-01 5.1609107e-03
440.0 9.5539815e-01 5.1681556e-03
441.0 9.5423982e-01 5.1650217e-03
442.0 9.6267017e-01 5.1877871e-03
443.0 9.6127656e-01 5.1840306e-03
444.0 9.5920771e-01 5.1784491e-03
445.0 9.5669656e-01 5.1716663e-03
446.0 9.5270068e-01 5.1608546e-03
447.0 9.4989315e-01 5.1532447e-03
448.0 9.4395870e-01 5.1371220e-03
449.0 9.4341960e-01 5.1356549e-03
450.0 9.4383592e-01 5.1367879e-03
451.0 9.3470826e-01 5.1118891e-03
452.0 9.3449950e-01 5.1113182e-03
453.0 9.3511032e-01 5.1129884e-03
454.0 9.3763143e-01 5.1198762e-03
455.0 9.4303633e-01 5.1346116e-03
456.0 9.4704685e-01 5.1455182e-03
457.0 9.4517589e-01 5.1404330e-03
458.0 9.4284608e-01 5.1340936e-03
459.0 9.4549141e-01 5.1412909e-03
460.0 9.4315877e-01 5.1349449e-03
461.0 9.3799659e-01 5.1208731e-03
462.0 9.4738911e-01 5.1464479e-03
463.0 9.4538943e-01 5.1410136e-03
464.0 9.4229691e-01 5.1325982e-03
465.0 9.3313298e-01 5.1075797e-03
466.0 9.3653228e-01 5.1168744e-03
467.0 9.3242357e-01 5.1056378e-03
468.0 9.3289074e-01 5.1069167e-03
469.0 9.3761459e-01 5.1198302e-03
470.0 9.3465078e-01 5.1117319e-03
471.0 9.3620148e-01 5.1159707e-03
472.0 9.4319881e-01 5.1350539e-03
473.0 9.3356442e-01 5.1087603e-03
474.0 9.3078548e-01 5.1011510e-03
475.0 9.2789810e-01 5.0932328e-03
476.0 9.2791480e-01 5.0932786e-03
477.0 9.2878982e-01 5.0956795e-03
478.0 9.2557888e-01 5.0868637e-03
479.0 9.2391969e-01 5.0823023e-03
480.0 9.2149560e-01 5.0756307e-03
481.0 9.2070211e-01 5.0734449e-03
482.0 9.2250185e-01 5.0784012e-03
483.0 9.2704393e-01 5.0908880e-03
484.0 9.3224892e-01 5.1051596e-03
485.0 9.3573736e-01 5.1147024e-03
486.0 9.3281800e-01 5.1067176e-03
487.0 9.3354435e-01 5.1087054e-03
488.0 9.4334299e-01 5.1354463e-03
489.0 9.4702207e-01 5.1454508e-03
490.0 9.4436570e-01 5.1382293e-03
491.0 9.5022131e-01 5.1541347e-03
492.0 9.4812647e-01 5.1484502e-03
493.0 9.4483387e-01 5.1395028e-03
494.0 9.5005095e-01 5.1536727e-03
495.0 9.4416043e-01 5.1376709e-03
496.0 9.3621237e-01 5.1160004e-03
497.0 9.4041932e-01 5.1274821e-03
498.0 9.4114955e-01 5.1294725e-03
499.0 9.4255947e-01 5.1333132e-03
500.0 9.4194864e-01 5.1316496e-03
501.0 9.4163597e-01 5.1307979e-03
502.0 9.4050600e-01 5.1277184e-03
503.0 9.3898804e-01 5.1235787e-03
504.0 9.3869010e-01 5.1227658e-03
505.0 9.3830685e-01 5.1217199e-03
506.0 9.3607464e-01 5.1156241e-03
507.0 9.3484596e-01 5.1122656e-03
508.0 9.2562339e-01 5.0869860e-03
509.0 9.2935748e-01 5.0972365e-03
510.0 9.3159767e-01 5.1033762e-03
511.0 9.3158897e-01 5.1033523e-03
512.0 9.3287223e-01 5.1068660e-03
513.0 9.3446586e-01 5.1112262e-03
514.0 9.3213397e-01 5.1048449e-03
515.0 9.3086692e-01 5.1013742e-03
516.0 9.3352432e-01 5.1086506e-03
517.0 9.3485428e-01 5.1122884e-03
518.0 9.4324861e-01 5.1351895e-03
519.0 9.4947618e-01 5.1521135e-03
520.0 9.5268880e-01 5.1608224e-03
521.0 9.4881302e-01 5.1503139e-03
522.0 9.4570952e-01 5.1418839e-03
523.0 9.4101278e-01 5.1290997e-03
524.0 9.4177428e-01 5.1311746e-03
525.0 9.3086251e-01 5.1013621e-03
526.0 9.2981984e-01 5.0985043e-03
527.0 9.2960133e-01 5.0979052e-03
528.0 9.2442803e-01 5.0837003e-03
529.0 9.2869514e-01 5.0954198e-03
530.0 9.2497202e-01 5.0851958e-03
531.0 9.2708597e-01 5.0910034e-03
532.0 9.3967916e-01 5.1254639e-03
533.0 9.3441946e-01 5.1110993e-03
534.0 9.3561882e-01 5.1143784e-03
535.0 9.3550951e-01 5.1140796e-03
536.0 9.3423605e-01 5.1105977e-03
537.0 9.3784775e-01 5.1204668e-03
538.0 9.4219414e-01 5.1323183e-03
539.0 9.4493522e-01 5.1397785e-03
540.0 9.4135781e-01 5.1300400e-03
541.0 9.5045420e-01 5.1547663e-03
542.0 9.4228341e-01 5.1325614e-03
543.0 9.3777436e-01 5.1202664e-03
544.0 9.3846679e-01 5.1221564e-03
545.0 9.3901554e-01 5.1236538e-03
546.0 9.4149268e-01 5.1304074e-03
547.0 9.4847976e-01 5.1494094e-03
548.0 9.4829335e-01 5.1489033e-03
549.0 9.4875763e-01 5.1501636e-03
550.0 9.4618611e-01 5.1431793e-03
551.0 9.4842501e-01 5.1492607e-03
552.0 9.4713431e-01 5.1457558e-03
553.0 9.4635990e-01 5.1436517e-03
554.0 9.4915311e-01 5.1512369e-03
555.0 9.5381954e-01 5.1638842e-03
556.0 9.4511309e-01 5.1402622e-03
557.0 9.4684482e-01 5.1449693e-03
558.0 9.4560942e-01 5.1416117e-03
559.0 9.4917691e-01 5.1513015e-03
560.0 9.4803186e-01 5.1481933e-03
561.0 9.5350582e-01 5.1630349e-03
562.0 9.5110738e-01 5.1565372e-03
563.0 9.4240372e-01 5.1328891e-03
564.0 9.4731095e-01 5.1462356e-03
565.0 9.4414315e-01 5.1376239e-03
566.0 9.3796485e-01 5.1207865e-03
567.0 9.3853440e-01 5.1223409e-03
568.0 9.3792713e-01 5.1206835e-03
569.0 9.4181503e-01 5.1312857e-03
570.0 9.4583142e-01 5.1422153e-03
571.0 9.4627305e-01 5.1434156e-03
572.0 9.4247128e-01 5.1330731e-03
573.0 9.4376030e-01 5.1365821e-03
574.0 9.4474577e-01 5.1392632e-03
575.0 9.4738678e-01 5.1464415e-03
576.0 9.4424421e-01 5.1378988e-03
577.0 9.4271608e-01 5.1337396e-03
578.0 9.4479296e-01 5.1393916e-03
579.0 9.4937022e-01 5.1518260e-03
580.0 9.5265378e-01 5.1607276e-03
581.0 9.5223593e-01 5.1595956e-03
582.0 9.4955547e-01 5.1523286e-03
583.0 9.5082297e-01 5.1557662e-03
584.0 9.4645266e-01 5.1439037e-03
585.0 9.4350497e-01 5.1358872e-03
586.0 9.5018490e-01 5.1540360e-03
587.0 9.5180290e-01 5.1584223e-03
588.0 9.5030510e-01 5.1543620e-03
589.0 9.5355259e-01 5.1631615e-03
590.0 9.5852841e-01 5.1766151e-03
591.0 9.5628638e-01 5.1705575e-03
592.0 9.5411509e-01 5.1646841e-03
593.0 9.5167855e-01 5.1580854e-03
594.0 9.5581438e-01 5.1692813e-03
595.0 9.6001223e-01 5.1806203e-03
596.0 9.6553298e-01 5.1954951e-03
597.0 9.6903260e-01 5.2049022e-03
598.0 9.6135716e-01 5.1842480e-03
599.0 9.6179916e-01 5.1854396e-03
600.0 9.5662074e-01 5.1714613e-03
601.0 9.5410186e-01 5.1646483e-03
602.0 9.5480953e-01 5.1665633e-03
603.0 9.5820761e-01 5.1757488e-03
604.0 9.5465286e-01 5.1661394e-03
605.0 9.4554093e-01 5.1414255e-03
606.0 9.4681663e-01 5.1448927e-03
607.0 9.5755843e-01 5.1739952e-03
608.0 9.5629293e-01 5.1705752e-03
609.0 9.5623626e-01 5.1704220e-03
610.0 9.6357155e-01 5.1902152e-03
611.0 9.6601691e-01 5.1967969e-03
612.0 9.6675008e-01 5.1987687e-03
613.0 9.6795373e-01 5.2020040e-03
614.0 9.6787618e-01 5.2017956e-03
615.0 9.6198165e-01 5.1859315e-03
616.0 9.5553606e-01 5.1685286e-03
617.0 9.6253178e-01 5.1874141e-03
618.0 9.6243971e-01 5.1871660e-03
619.0 9.6186835e-01 5.1856261e-03
620.0 9.6045716e-01 5.1818207e-03
621.0 9.6266017e-01 5.1877601e-03
622.0 9.7226240e-01 5.2135690e-03
623.0 9.7385138e-01 5.2178276e-03
624.0 9.7103056e-01 5.2102652e-03
625.0 9.7007881e-01 5.2077112e-03
626.0 9.7408648e-01 5.2184574e-03
627.0 9.7121811e-01 5.2107684e-03
628.0 9.7403062e-01 5.2183078e-03
629.0 9.6371925e-01 5.1906130e-03
630.0 9.6189786e-01 5.1857057e-03
631.0 9.6353029e-01 5.1901041e-03
632.0 9.6780638e-01 5.2016080e-03
633.0 9.6379789e-01 5.1908248e-03
634.0 9.5745434e-01 5.1737140e-03
635.0 9.5635096e-01 5.1707320e-03
636.0 9.5206424e-01 5.1591305e-03
637.0 9.5211423e-01 5.1592659e-03
638.0 9.5288540e-01 5.1613549e-03
639.0 9.4799105e-01 5.1480825e-03
640.0 9.5154859e-01 5.1577332e-03
641.0 9.5093390e-01 5.1560669e-03
642.0 9.5527505e-01 5.1678227e-03
643.0 9.4754613e-01 5.1468743e-03
644.0 9.4317736e-01 5.1349955e-03
645.0 9.4505377e-01 5.1401009e-03
646.0 9.4181439e-01 5.1312839e-03
647.0 9.4162752e-01 5.1307748e-03
648.0 9.4195017e-01 5.1316538e-03
649.0 9.4250619e-01 5.1331681e-03
650.0 9.3950481e-01 5.1249884e-03
651.0 9.3983901e-01 5.1258998e-03
652.0 9.3651995e-01 5.1168407e-03
653.0 9.3937483e-01 5.1246339e-03
654.0 9.3905190e-01 5.1237530e-03
655.0 9.3993163e-01 5.1261524e-03
656.0 9.5058389e-01 5.1551180e-03
657.0 9.4603956e-01 5.1427810e-03
658.0 9.5151612e-01 5.1576451e-03
659.0 9.4023683e-01 5.1269846e-03
660.0 9.3175448e-01 5.1038057e-03
661.0 9.2719875e-01 5.0913131e-03
662.0 9.2315547e-01 5.0802000e-03
663.0 9.2505572e-01 5.0854259e-03
664.0 9.2722299e-01 5.0913796e-03
665.0 9.2704170e-01 5.0908819e-03
666.0 9.2729915e-01 5.0915887e-03
667.0 9.3022577e-01 5.0996171e-03
668.0 9.3437845e-01 5.1109872e-03
669.0 9.2991954e-01 5.0987776e-03
670.0 9.2968968e-01 5.0981474e-03
671.0 9.3084079e-01 5.1013026e-03
672.0 9.3419243e-01 5.1104784e-03
673.0 9.3192276e-01 5.1042665e-03
674.0 9.3189749e-01 5.1041973e-03
675.0 9.3163950e-01 5.1034907e-03
676.0 9.2818078e-01 5.0940085e-03
677.0 9.2504822e-01 5.0854053e-03
678.0 9.2589794e-01 5.0877404e-03
679.0 9.2613741e-01 5.0883983e-03
680.0 9.2907436e-01 5.0964600e-03
681.0 9.2589990e-01 5.0877458e-03
682.0 9.2564607e-01 5.0870483e-03
683.0 9.2598106e-01 5.0879687e-03
684.0 9.3026466e-01 5.0997237e-03
685.0 9.2719910e-01 5.0913140e-03
686.0 9.2882401e-01 5.0957733e-03
687.0 9.3065100e-01 5.1007825e-03
688.0 9.3804037e-01 5.1209926e-03
689.0 9.3420532e-01 5.1105136e-03
690.0 9.3211133e-01 5.1047829e-03
691.0 9.2882411e-01 5.0957736e-03
692.0 9.2275350e-01 5.0790938e-03
693.0 9.3076972e-01 5.1011079e-03
694.0 9.2645148e-01 5.0892610e-03
695.0 9.2410461e-01 5.0828109e-03
696.0 9.3036340e-01 5.0999943e-03
697.0 9.2392007e-01 5.0823033e-03
698.0 9.2791261e-01 5.0932726e-03
699.0 9.2316615e-01 5.0802294e-03
700.0 9.2926443e-01 5.0969813e-03
701.0 9.2152962e-01 5.0757244e-03
702.0 9.1597057e-01 5.0603918e-03
703.0 9.1566769e-01 5.0595551e-03
704.0 9.2125892e-01 5.0749789e-03
705.0 9.2223807e-01 5.0776751e-03
706.0 9.2158161e-01 5.0758676e-03
707.0 9.2760944e-01 5.0924405e-03
708.0 9.3672479e-01 5.1174003e-03
709.0 9.3980230e-01 5.1257997e-03
710.0 9.3747763e-01 5.1194563e-03
711.0 9.3605336e-01 5.1155659e-03
712.0 9.3120664e-01 5.1023050e-03
713.0 9.3216765e-01 5.1049371e-03
714.0 9.2617321e-01 5.0884966e-03
715.0 9.2902198e-01 5.0963163e-03
716.0 9.3732888e-01 5.1190501e-03
717.0 9.3986907e-01 5.1259818e-03
718.0 9.3762193e-01 5.1198503e-03
719.0 9.3985724e-01 5.1259496e-03
720.0 9.4681481e-01 5.1448878e-03
721.0 9.5345274e-01 5.1628912e-03
722.0 9.4975723e-01 5.1528760e-03
723.0 9.5267660e-01 5.1607893e-03
724.0 9.5275716e-01 5.1610075e-03
725.0 9.5631961e-01 5.1706473e-03
726.0 9.5741599e-01 5.1736104e-03
727.0 9.4709248e-01 5.1456421e-03
728.0 9.4517979e-01 5.1404436e-03
729.0 9.4563002e-01 5.1416678e-03
730.0 9.3988120e-01 5.1260149e-03
731.0 9.4303003e-01 5.1345944e-03
732.0 9.3780153e-01 5.1203406e-03
733.0 9.3574881e-01 5.1147337e-03
734.0 9.4234838e-01 5.1327384e-03
735.0 9.3986056e-01 5.1259586e-03
736.0 9.4345714e-01 5.1357570e-03
737.0 9.3728125e-01 5.1189201e-03
738.0 9.4654617e-01 5.1441578e-03
739.0 9.4560758e-01 5.1416067e-03
740.0 9.4631157e-01 5.1435203e-03
741.0 9.4714694e-01 5.1457901e-03
742.0 9.4937793e-01 5.1518469e-03
743.0 9.4266117e-01 5.1335901e-03
744.0 9.4233576e-01 5.1327040e-03
745.0 9.3946668e-01 5.1248844e-03
746.0 9.3261524e-01 5.1061626e-03
747.0 9.3677331e-01 5.1175328e-03
748.0 9.3555759e-01 5.1142111e-03
749.0 9.3684033e-01 5.1177159e-03
750.0 9.3804231e-01 5.1209979e-03
751.0 9.3720537e-01 5.1187129e-03
752.0 9.4558743e-01 5.1415520e-03
753.0 9.4559276e-01 5.1415664e-03
754.0 9.3970578e-01 5.1255365e-03
755.0 9.3879154e-01 5.1230426e-03
756.0 9.4146513e-01 5.1303324e-03
757.0 9.4400979e-01 5.1372610e-03
758.0 9.3976402e-01 5.1256954e-03
759.0 9.4355591e-01 5.1360259e-03
760.0 9.3610900e-01 5.1157180e-03
761.0 9.4064077e-01 5.1280858e-03
762.0 9.3536457e-01 5.1136834e-03
763.0 9.3503760e-01 5.1127896e-03
764.0 9.3995668e-01 5.1262207e-03
765.0 9.4098827e-01 5.1290329e-03
766.0 9.4487027e-01 5.1396018e-03
767.0 9.4787179e-01 5.1477587e-03
768.0 9.5348424e-01 5.1629765e-03
769.0 9.5741853e-01 5.1736173e-03
770.0 9.5498629e-01 5.1670415e-03
771.0 9.5694398e-01 5.1723350e-03
772.0 9.5043630e-01 5.1547178e-03
773.0 9.5016645e-01 5.1539860e-03
774.0 9.5323537e-01 5.1623026e-03
775.0 9.5334941e-01 5.1626114e-03
776.0 9.5467972e-01 5.1662121e-03
777.0 9.5324254e-01 5.1623220e-03
778.0 9.5739168e-01 5.1735447e-03
779.0 9.5681069e-01 5.1719747e-03
780.0 9.5486004e-01 5.1667000e-03
781.0 9.5871532e-01 5.1771198e-03
782.0 9.5332450e-01 5.1625439e-03
783.0 9.5593389e-01 5.1696044e-03
784.0 9.5209736e-01 5.1592202e-03
785.0 9.5765986e-01 5.1742693e-03
786.0 9.5645139e-01 5.1710035e-03
787.0 9.5654296e-01 5.1712511e-03
788.0 9.5771896e-01 5.1744289e-03
789.0 9.4942086e-01 5.1519634e-03
790.0 9.4705893e-01 5.1455510e-03
791.0 9.5160300e-01 5.1578806e-03
792.0 9.5519560e-01 5.1676078e-03
793.0 9.5639350e-01 5.1708470e-03
794.0 9.5094115e-01 5.1560866e-03
795.0 9.5328656e-01 5.1624412e-03
796.0 9.5594905e-01 5.1696454e-03
797.0 9.5570852e-01 5.1689950e-03
798.0 9.6017785e-01 5.1810672e-03
799.0 9.5672292e-01 5.1717375e-03
800.0 9.5429977e-01 5.1651839e-03
801.0 9.4421285e-01 5.1378135e-03
802.0 9.4821327e-01 5.1486859e-03
803.0 9.4948183e-01 5.1521288e-03
804.0 9.4234571e-01 5.1327311e-03
805.0 9.3531289e-01 5.1135422e-03
806.0 9.3232569e-01 5.1053699e-03
807.0 9.3634688e-01 5.1163679e-03
808.0 9.3609252e-01 5.1156729e-03
809.0 9.3360521e-01 5.1088719e-03
810.0 9.3034965e-01 5.0999566e-03
811.0 9.2723654e-01 5.0914168e-03
812.0 9.2080877e-01 5.0737388e-03
813.0 9.1767514e-01 5.0650982e-03
814.0 9.1510522e-01 5.0580009e-03
815.0 9.1906074e-01 5.0689206e-03
816.0 9.1927477e-01 5.0695108e-03
817.0 9.1670593e-01 5.0624227e-03
818.0 9.2696610e-01 5.0906743e-03
819.0 9.2475371e-01 5.0845957e-03
820.0 9.2976364e-01 5.0983502e-03
821.0 9.3625503e-01 5.1161170e-03
822.0 9.2996361e-01 5.0988984e-03
823.0 9.3081620e-01 5.1012352e-03
824.0 9.2922220e-01 5.0968655e-03
825.0 9.2714571e-01 5.0911674e-03
826.0 9.2936193e-01 5.0972487e-03
827.0 9.2664853e-01 5.0898022e-03
828.0 9.2442534e-01 5.0836929e-03
829.0 9.2401833e-01 5.0825736e-03
830.0 9.2300951e-01 5.0797983e-03
831.0 9.1940544e-01 5.0698711e-03
832.0 9.2402063e-01 5.0825799e-03
833.0 9.2971196e-01 5.0982085e-03
834.0 9.3252291e-01 5.1059098e-03
835.0 9.3238837e-01 5.1055415e-03
836.0 9.3092709e-01 5.1015391e-03
837.0 9.2935148e-01 5.0972200e-03
838.0 9.3965928e-01 5.1254097e-03
839.0 9.4358134e-01 5.1360951e-03
840.0 9.4019965e-01 5.1268832e-03
841.0 9.4102694e-01 5.1291383e-03
842.0 9.3970275e-01 5.1255283e-03
843.0 9.4233955e-01 5.1327143e-03
844.0 9.4444354e-01 5.1384411e-03
845.0 9.4862545e-01 5.1498048e-03
846.0 9.4490681e-01 5.1397012e-03
847.0 9.4549811e-01 5.1413091e-03
848.0 9.3881895e-01 5.1231174e-03
849.0 9.3460909e-01 5.1116179e-03
850.0 9.3911645e-01 5.1239290e-03
851.0 9.3566448e-01 5.1145032e-03
852.0 9.3287176e-01 5.1068648e-03
853.0 9.3393580e-01 5.1097764e-03
854.0 9.3804739e-01 5.1210118e-03
855.0 9.3479230e-01 5.1121189e-03
856.0 9.2172090e-01 5.0762511e-03
857.0 9.1950971e-01 5.0701586e-03
858.0 9.2598208e-01 5.0879716e-03
859.0 9.2874907e-01 5.0955677e-03
860.0 9.3542420e-01 5.1138464e-03
861.0 9.3177922e-01 5.1038734e-03
862.0 9.2584057e-01 5.0875828e-03
863.0 9.2824613e-01 5.0941879e-03
864.0 9.2939922e-01 5.0973509e-03
865.0 9.3100378e-01 5.1017492e-03
866.0 9.3510856e-01 5.1129836e-03
867.0 9.3711560e-01 5.1184677e-03
868.0 9.3897487e-01 5.1235428e-03
869.0 9.4194237e-01 5.1316325e-03
870.0 9.4369685e-01 5.1364094e-03
871.0 9.4645509e-01 5.1439103e-03
872.0 9.4942879e-01 5.1519849e-03
873.0 9.5490360e-01 5.1668178e-03
874.0 9.5205813e-01 5.1591139e-03
875.0 9.5414697e-01 5.1647704e-03
876.0 9.5249251e-01 5.1602907e-03
877.0 9.4877665e-01 5.1502152e-03
878.0 9.4555047e-01 5.1414515e-03
879.0 9.4763631e-01 5.1471193e-03
880.0 9.4962764e-01 5.1525244e-03
881.0 9.5166170e-01 5.1580397e-03
882.0 9.5124357e-01 5.1569064e-03
883.0 9.5172877e-01 5.1582215e-03
884.0 9.5535380e-01 5.1680357e-03
885.0 9.4971066e-01 5.1527496e-03
886.0 9.5058899e-01 5.1551318e-03
887.0 9.5169063e-01 5.1581181e-03
888.0 9.5539637e-01 5.1681508e-03
889.0 9.5035049e-01 5.1544851e-03
890.0 9.5659243e-01 5.1713848e-03
891.0 9.5703773e-01 5.1725883e-03
892.0 9.5748738e-01 5.1738033e-03
893.0 9.5515018e-01 5.1674849e-03
894.0 9.5685901e-01 5.1721053e-03
895.0 9.5679826e-01 5.1719411e-03
896.0 9.6144894e-01 5.1844954e-03
897.0 9.5531341e-01 5.1679264e-03
898.0 9.5586555e-01 5.1694196e-03
899.0 9.5723417e-01 5.1731191e-03
900.0 9.5601351e-01 5.1698197e-03
901.0 9.5394374e-01 5.1642204e-03
902.0 9.5208613e-01 5.1591898e-03
903.0 9.5266096e-01 5.1607470e-03
904.0 9.4530199e-01 5.1407759e-03
905.0 9.4951908e-01 5.1522299e-03
906.0 9.4789694e-01 5.1478270e-03
907.0 9.4877594e-01 5.1502133e-03
908.0 9.5053476e-01 5.1549848e-03
909.0 9.4847362e-01 5.1493927e-03
910.0 9.4829500e-01 5.1489078e-03
911.0 9.4038082e-01 5.1273772e-03
912.0 9.4387100e-01 5.1368834e-03
913.0 9.4836898e-01 5.1491086e-03
914.0 9.4153061e-01 5.1305108e-03
915.0 9.4024783e-01 5.1270146e-03
916.0 9.3563622e-01 5.1144260e-03
917.0 9.3539752e-01 5.1137735e-03
918.0 9.3834440e-01 5.1218224e-03
919.0 9.4249772e-01 5.1331451e-03
920.0 9.4691651e-01 5.1451641e-03
921.0 9.5201308e-01 5.1589918e-03
922.0 9.5106757e-01 5.1564293e-03
923.0 9.4640814e-01 5.1437828e-03
924.0 9.4601041e-01 5.1427018e-03
925.0 9.4840094e-01 5.1491954e-03
926.0 9.4305329e-01 5.1346578e-03
927.0 9.4972020e-01 5.1527755e-03
928.0 9.5300359e-01 5.1616750e-03
929.0 9.5180020e-01 5.1584150e-03
930.0 9.4833650e-01 5.1490204e-03
931.0 9.4514416e-01 5.1403467e-03
932.0 9.4526890e-01 5.1406859e-03
933.0 9.4446056e-01 5.1384874e-03
934.0 9.4895570e-01 5.1507012e-03
935.0 9.4830989e-01 5.1489482e-03
936.0 9.5123529e-01 5.1568840e-03
937.0 9.5159557e-01 5.1578605e-03
938.0 9.5260902e-01 5.1606063e-03
939.0 9.5136373e-01 5.1572321e-03
940.0 9.5401180e-01 5.1644046e-03
941.0 9.5665628e-01 5.1715574e-03
942.0 9.5846810e-01 5.1764523e-03
943.0 9.6080206e-01 5.1827510e-03
944.0 9.5688252e-01 5.1721688e-03
945.0 9.5787872e-01 5.1748605e-03
946.0 9.6221888e-01 5.1865709e-03
947.0 9.6320391e-01 5.1892250e-03
948.0 9.5835461e-01 5.1761458e-03
949.0 9.5783326e-01 5.1747377e-03
950.0 9.5918451e-01 5.1783865e-03
951.0 9.5581122e-01 5.1692727e-03
952.0 9.5026525e-01 5.1542539e-03
953.0 9.4910954e-01 5.1511186e-03
954.0 9.4637664e-01 5.1436971e-03
955.0 9.4674267e-01 5.1446917e-03
956.0 9.4102857e-01 5.1291428e-03
957.0 9.4410305e-01 5.1375148e-03
958.0 9.4225822e-01 5.1324928e-03
959.0 9.4680258e-01 5.1448545e-03
960.0 9.4600445e-01 5.1426856e-03
961.0 9.4634222e-01 5.1436036e-03
962.0 9.4618808e-01 5.1431847e-03
963.0 9.4373020e-01 5.1365002e-03
964.0 9.5385835e-01 5.1639892e-03
965.0 9.5144749e-01 5.1574591e-03
966.0 9.5513490e-01 5.1674436e-03
967.0 9.4998550e-01 5.1534952e-03
968.0 9.5078241e-01 5.1556562e-03
969.0 9.5200072e-01 5.1589584e-03
970.0 9.5118198e-01 5.1567395e-03
971.0 9.4839589e-01 5.1491817e-03
972.0 9.4689465e-01 5.1451047e-03
973.0 9.4521264e-01 5.1405329e-03
974.0 9.5504570e-01 5.1672022e-03
975.0 9.5486862e-01 5.1667232e-03
976.0 9.5669170e-01 5.1716531e-03
977.0 9.6349500e-01 5.1900091e-03
978.0 9.5943077e-01 5.1790512e-03
979.0 9.5941672e-01 5.1790133e-03
980.0 9.5840568e-01 5.1762837e-03
981.0 9.5815728e-01 5.1756129e-03
982.0 9.5717011e-01 5.1729460e-03
983.0 9.5395071e-01 5.1642392e-03
984.0 9.5456292e-01 5.1658961e-03
985.0 9.5021567e-01 5.1541194e-03
986.0 9.5411734e-01 5.1646902e-03
987.0 9.5625417e-01 5.1704704e-03
988.0 9.5399962e-01 5.1643716e-03
989.0 9.5236692e-01 5.1599505e-03
990.0 9.5404329e-01 5.1644898e-03
991.0 9.5133504e-01 5.1571544e-03
992.0 9.5917270e-01 5.1783546e-03
993.0 9.6059108e-01 5.1821820e-03
994.0 9.6187658e-01 5.1856483e-03
995.0 9.6390127e-01 5.1911032e-03
996.0 9.6078056e-01 5.1826930e-03
997.0 9.6443124e-01 5.1925300e-03
998.0 9.6396923e-01 5.1912862e-03
999.0 9.6676165e-01 5.1987998e-03
1000.0 9.6501773e-01 5.1941087e-03
